diamond 3 2017年6月30日20时12小时降水
  2017  6  30   20   9999
  0 1 25 0 
 1 2257
46688   121.434    24.993     9.7   28.5
46690   121.443    25.159    19.0   1.5
46692   121.504    25.037     5.3   13.0
46693   121.535    25.159   607.2   3.0
46694   121.726    25.134    26.7   0.0
46695   122.070    25.624   101.7   0.0
46699   121.603    23.973    16.1   1.5
46705   121.042    25.004    17.0   0.0
46706   121.859    24.601    25.0   0.0
46708   121.742    24.759     7.2   0.0
46711   118.287    24.405    47.8   0.0
46730   119.656    23.255    43.0   0.0
46735   119.553    23.567    10.7   0.0
46741   120.203    22.989    40.8   0.0
46744   120.305    22.567     2.3   0.0
46748   120.421    23.492    26.9   35.5
46749   120.672    24.142    84.0   62.0
46753   120.808    23.505  2413.4   16.5
46754   120.891    22.354     8.1   0.5
46755   120.956    23.486  3844.8   26.0
46757   121.004    24.825    34.0   0.0
46759   120.736    22.003    22.1   4.5
46761   121.359    23.093    33.5   2.0
46762   121.550    22.037   324.0   6.5
46765   120.905    23.875  1014.8   7.5
46766   121.141    22.753     9.0   3.0
46777   120.509    24.255    31.7   23.0
46799   119.921    26.168    97.8   0.0
46810   116.725    20.700     4.0   6.5
46902   114.359    10.369     4.5   0.0
58724   117.317    27.533   268.2   0.0
58725   117.467    27.333   218.0   0.0
58726   117.838    27.956  1400.0   0.0
58730   118.033    27.767   222.1   0.0
58731   118.533    27.917   276.9   0.0
58734   118.117    27.333   196.9   0.0
58735   118.750    27.517   260.2   0.0
58736   118.821    27.373   262.4   0.0
58737   118.317    27.050   154.9   0.0
58744   119.417    27.450   815.9   0.0
58747   119.350    27.150   899.3   0.0
58748   119.650    27.100    50.5   0.0
58749   119.888    27.238   684.1   0.0
58754   120.200    27.333    36.2   0.0
58767   121.002    27.000     0.0   0.9
58818   116.633    26.233   358.9   0.0
58819   116.817    26.183   336.9   0.0
58820   117.167    26.900   342.9   0.0
58821   117.467    26.733   173.9   0.0
58822   116.850    26.833   342.3   0.0
58823   117.800    26.800   175.2   0.0
58824   117.150    26.400   357.4   5.9
58826   117.800    26.400   120.6   0.3
58828   117.617    26.267   208.2   0.0
58834   118.167    26.633   152.2   0.0
58836   118.733    26.583   361.5   0.0
58837   118.150    26.150   204.8   0.3
58839   118.850    26.233    40.8   0.0
58843   120.017    26.883    56.8   0.0
58844   119.150    26.150    57.8   0.0
58845   119.543    26.502    78.5   0.0
58846   119.517    26.667    32.4   0.0
58847   119.283    26.083    84.0   0.0
58848   119.550    26.200    13.4   0.0
58850   120.233    26.917    92.2   0.0
58854   119.837    26.522    65.0   0.0
58855   119.942    26.375    41.0   0.0
58857   119.634    26.159    59.0   0.0
58858   119.820    26.285    24.0   0.0
58878   119.703    25.618     0.0   0.0
58911   116.367    25.850   310.0   0.0
58912   116.733    25.717   404.0   0.0
58917   116.100    25.083   307.0   1.8
58918   116.417    25.050   198.0   1.6
58921   117.350    25.967   206.0   0.0
58923   117.833    25.700   400.1   0.4
58925   119.133    25.068    58.0   0.0
58926   117.417    25.300   205.3   0.0
58927   117.017    25.050   376.0   0.0
58928   117.533    25.017   166.5   0.0
58929   118.200    25.067   130.6   0.0
58931   118.100    25.717  1653.5   0.0
58932   118.933    25.867    85.6   0.0
58933   118.983    26.917   869.5   0.0
58934   118.270    25.326   183.8   0.0
58935   118.233    25.517   645.6   0.0
58936   118.700    25.367    77.7   0.0
58938   118.983    25.233    23.1   0.0
58940   119.333    26.083    25.6   0.0
58941   119.500    25.967    25.9   0.0
58942   119.383    25.717    39.2   0.0
58944   119.783    25.517    32.4   0.0
58946   119.000    25.450    81.1   0.0
58949   119.539    25.492     7.0   0.0
58951   120.303    25.491     0.0   2.2
58954   119.669    25.456    19.0   0.0
58955   119.806    25.525    23.5   0.0
58957   119.036    25.074    80.0   0.0
58958   119.471    25.251    33.0   0.0
58959   119.519    25.204    31.0   0.0
59113   116.717    24.733   226.9   0.0
59122   117.750    24.617    43.0   0.0
59124   117.383    24.517    53.7   0.0
59125   117.293    24.374   108.5   0.0
59126   117.650    24.500    28.9   0.0
59127   117.833    24.433    32.1   0.0
59129   117.586    24.124    61.1   0.0
59130   118.150    24.733    30.8   0.0
59131   118.367    24.967    45.4   0.0
59132   118.622    24.893   106.0   0.0
59133   118.917    24.900    21.8   0.0
59134   118.067    24.483   139.4   0.0
59136   118.770    24.825    56.4   0.0
59137   118.550    24.800   135.0   0.0
59138   118.453    24.559    15.0   0.0
59140   118.317    24.550    17.0   0.0
59320   117.136    23.752    37.8   0.0
59321   117.500    23.783    53.3   0.8
59322   117.367    23.983    22.8   1.2
59330   118.019    24.203    13.0   0.0
59334   118.192    23.634     0.0   10.7
59544   119.000    22.600     0.0   2.3
70001   120.709    26.289    10.0   0.0
70002   119.291    24.484    10.0   0.0
70003   119.922    26.386    10.0   0.0
70900   121.521    24.955    24.1   4.0
70901   121.706    24.936   300.0   0.0
70902   122.001    25.005   116.0   0.0
70903   121.501    25.255    86.0   2.0
70904   121.320    24.989   105.0   8.0
70905   121.185    24.967   151.0   1.0
70906   121.259    24.876   209.0   12.0
70907   121.171    24.792   146.0   56.5
70908   121.110    24.523  1956.0   11.5
70909   121.055    24.767   147.0   15.0
70910   120.903    24.742    15.0   0.0
70911   120.887    24.705    19.0   0.0
70912   121.000    24.601   258.0   78.5
70913   120.760    24.406   341.0   4.0
70914   120.821    24.559    62.0   1.5
70915   120.652    24.424    37.0   1.5
70916   120.827    24.241   379.0   19.0
70917   121.240    24.242  2215.0   14.5
70918   120.637    24.342   100.0   7.5
70920   120.719    24.253   230.0   15.5
70921   120.425    24.072    17.0   24.0
70922   120.585    23.941    34.0   44.5
70923   120.474    23.942    27.0   43.0
70924   120.319    23.852    24.0   24.0
70925   120.586    23.854    62.0   67.0
70926   120.675    23.971   120.0   25.5
70927   121.270    24.139  3402.0   7.5
70928   121.176    24.033  1562.0   6.0
70929   120.686    23.757  1610.0   31.0
70930   120.689    23.591  1132.0   26.0
70931   120.223    23.625    23.0   1.5
70933   120.438    23.718    38.0   43.0
70935   120.292    23.108     9.0   0.0
70936   120.456    23.110    69.0   10.5
70937   120.637    22.700   105.0   12.0
70938   120.537    22.534    23.0   0.0
70939   120.357    22.326    51.0   1.0
70940   120.587    22.368    69.0   0.0
70942   120.438    22.459    31.0   0.0
70943   121.472    22.667   304.0   0.0
70944   121.206    23.193   289.0   3.0
70945   120.985    23.242  2280.0   6.5
70946   121.491    24.174   550.0   1.0
70947   121.505    23.935   135.0   1.5
70948   121.422    23.656   120.0   26.5
70949   121.508    23.584   214.0   28.0
70951   121.522    24.503  1810.0   27.0
70952   121.806    24.443     5.0   0.0
70953   120.588    23.075   270.0   3.5
70954   120.518    22.892    46.0   1.5
70957   120.140    23.171     2.0   0.0
70959   120.317    23.306    35.0   9.0
70960   121.337    23.319    17.2   3.5
70981   120.874    24.775     1.0   0.0
70982   119.671    23.669     1.0   0.0
70983   118.408    24.375     1.0   0.0
70984   120.005    23.091     1.0   0.0
70986   120.337    22.308     1.0   0.0
70987   120.820    21.901     1.0   0.0
70989   121.920    25.090     1.0   0.0
70990   121.872    24.622     1.0   0.0
70991   121.921    24.842     1.0   0.0
70992   121.625    24.035     1.0   0.0
70994   121.140    22.722     1.0   0.0
70997   119.418    22.752     1.0   0.0
70998   120.158    22.758     1.0   0.0
71001   119.272    26.021     5.0   0.0
71002   119.374    25.976     4.5   0.0
71003   119.636    26.074    26.2   0.0
71004   119.259    26.109    65.4   0.0
71005   119.305    26.040    80.0   0.1
71006   119.304    26.106    18.0   0.0
71007   119.387    26.053   461.0   0.0
71008   119.357    26.040    36.0   0.0
71009   119.269    26.059    59.0   0.0
71010   119.257    26.059    45.0   0.0
71011   119.293    26.087    38.0   0.0
71012   119.158    26.059    35.0   0.0
71013   119.271    26.187   424.1   0.0
71014   119.352    26.173   358.0   0.0
71015   119.575    26.086    22.0   0.0
71016   119.255    26.024    20.0   0.0
71017   119.354    25.976    18.0   0.0
71018   119.233    26.068    16.0   0.0
71019   119.287    26.141    59.0   0.0
71020   119.505    26.070    42.6   0.0
71021   119.271    26.351   131.0   0.0
71022   119.325    26.172   363.0   0.0
71023   119.352    26.034    26.0   0.0
71024   119.292    26.085    33.0   0.0
71025   119.291    26.054    33.0   0.0
71026   119.388    26.102   564.0   0.0
71027   119.300    26.108    11.0   0.0
71028   119.408    25.972     3.0   0.0
71029   119.392    26.022     4.0   0.0
71030   119.306    26.036    32.0   0.0
71031   119.321    26.089    33.0   0.0
71032   119.340    26.093    27.0   0.0
71033   119.317    26.068    20.0   0.0
71034   119.270    25.992     8.0   0.0
71035   119.227    26.091   113.1   0.2
71040   119.407    26.026    33.5   0.0
71041   119.450    25.989    38.3   0.0
71042   119.475    26.018    33.4   0.0
71043   119.471    26.070    11.7   0.0
71044   119.591    26.122    16.5   0.0
71045   119.224    26.190   464.0   0.0
71046   119.238    26.084    24.0   0.0
71047   119.368    25.993    78.0   0.1
71048   119.305    26.020    35.0   0.0
71049   119.240    26.042    19.0   0.0
71051   119.386    26.155   588.0   0.0
71052   119.334    26.253   400.0   0.0
71053   119.259    26.168   543.0   0.0
71054   119.291    26.210   533.0   0.0
71055   119.334    26.126    28.0   0.0
71056   119.367    26.151   570.0   0.0
71058   119.219    26.240   619.0   0.0
71060   119.221    26.283   653.0   0.0
71061   119.318    26.334   523.0   0.0
71062   119.306    25.992    19.0   0.0
71063   119.251    26.041    49.0   0.0
71064   119.288    26.104    20.0   0.0
71065   119.293    26.122    30.0   0.0
71066   119.220    26.323     0.0   0.0
71069   119.185    26.317   480.0   0.0
71070   119.309    26.107    15.0   0.0
71071   119.255    26.072    22.0   0.0
71072   119.306    26.053    14.0   0.0
71074   119.270    26.388   221.0   0.1
71075   119.272    26.000    17.0   0.0
71076   119.320    26.140    45.0   0.0
71077   119.367    26.069    20.0   0.0
71078   119.337    26.020    41.0   0.0
71101   118.704    26.174   142.1   0.0
71102   118.642    26.037   210.1   0.0
71103   118.890    26.372   165.3   0.0
71104   118.770    26.108    38.3   0.0
71105   118.751    26.325    86.5   0.0
71106   118.988    26.491   777.0   0.0
71107   118.770    26.400   245.0   0.0
71108   118.807    26.106   167.0   0.0
71109   118.833    26.171   114.0   0.0
71110   118.723    25.984   241.0   0.0
71111   118.675    26.091   134.0   0.0
71112   118.802    26.175   112.0   0.0
71113   118.771    26.072   127.0   0.0
71114   118.725    26.136    99.0   0.1
71115   118.835    26.173    65.0   0.0
71116   118.888    26.202    20.0   0.0
71117   118.784    26.008   370.0   0.0
71140   118.836    26.158    85.0   0.0
71141   118.841    26.126   224.0   0.0
71142   118.934    26.402   323.0   0.0
71143   118.854    26.334   154.0   0.0
71144   118.768    26.458   187.0   0.0
71145   118.803    26.403   625.0   0.0
71146   118.692    26.287   295.0   0.0
71147   118.543    26.038   889.0   0.0
71148   118.606    26.035   562.0   0.0
71149   118.686    26.107   126.0   0.0
71150   118.584    26.135   763.0   0.0
71151   118.701    26.190   193.0   0.0
71152   118.740    25.958   234.0   0.0
71154   118.786    26.102   114.0   0.0
71155   118.871    26.208    99.0   0.0
71181   118.607    26.003   390.0   0.0
71201   119.053    26.518   644.0   0.0
71202   119.085    26.360   773.0   0.0
71203   118.969    26.370   276.0   0.0
71204   119.067    26.205    16.0   0.0
71205   118.992    26.169    62.5   0.0
71206   119.102    26.143    49.0   0.0
71207   119.208    25.983    65.0   0.0
71208   119.371    25.892    27.9   0.0
71209   118.985    26.037   639.1   0.0
71210   118.875    26.273    45.8   0.0
71211   119.193    26.073    43.8   0.0
71212   119.225    25.923    28.9   0.0
71213   119.120    25.972    45.5   0.0
71214   119.176    26.190    51.4   0.0
71215   119.367    25.920    39.0   0.0
71216   119.376    25.927    57.0   0.0
71217   119.156    26.276   780.0   0.0
71218   119.359    25.837   549.0   0.0
71219   119.186    26.051     6.0   0.0
71220   119.358    25.893     7.0   0.0
71221   119.171    26.124    15.0   0.0
71222   119.174    25.991    17.0   0.0
71223   119.202    26.402   393.0   0.0
71224   119.036    26.070   629.0   0.0
71225   118.937    26.185    32.0   0.0
71226   119.019    26.490   910.0   0.0
71301   118.741    25.725    37.4   0.0
71302   118.755    25.834   700.0   0.0
71303   118.934    25.818   106.0   0.0
71304   118.835    25.985   724.7   0.0
71305   118.584    25.884   209.5   0.0
71306   118.468    25.758   223.8   0.0
71307   118.572    25.789   197.0   0.0
71308   118.483    25.837   781.0   0.0
71309   118.854    25.776    76.0   0.0
71310   119.073    25.874    51.0   0.0
71311   118.638    25.908   351.0   0.0
71312   118.905    26.033   513.0   0.0
71313   118.755    25.885   760.0   0.0
71314   119.023    25.987   643.0   0.0
71315   118.802    25.972   813.0   0.0
71316   118.875    25.837    61.0   0.0
71317   118.920    25.900    72.0   0.0
71318   119.151    25.867    36.0   0.0
71319   118.688    25.924   565.0   0.0
71320   119.053    25.872    52.0   0.0
71321   118.986    25.757   970.0   0.0
71340   118.989    26.006   570.0   0.0
71341   118.910    25.988   690.0   0.0
71342   119.001    25.768   949.0   0.0
71343   118.586    25.935   228.0   0.0
71344   118.426    25.791   242.0   0.0
71345   118.484    25.687   989.0   0.0
71346   118.433    25.908   745.0   5.0
71347   118.589    25.700   819.0   0.0
71348   119.009    25.840   154.0   0.0
71349   118.991    25.922    92.0   0.0
71350   119.157    25.808    95.0   0.0
71351   118.774    25.910   643.0   0.0
71352   118.701    25.792   813.0   0.0
71353   118.692    25.886   595.0   0.0
71354   118.858    25.889   542.0   0.0
71355   118.960    25.868    70.0   0.0
71356   118.818    25.957   760.0   0.0
71357   118.926    26.000   340.0   0.0
71358   118.925    25.990   330.0   0.0
71359   118.937    25.973   230.0   0.0
71401   119.767    26.450    62.0   0.0
71402   119.467    26.523   114.6   0.0
71403   119.423    26.602   522.8   0.0
71404   119.270    26.443   125.2   0.0
71405   119.401    26.470   421.6   0.1
71406   119.751    26.543    19.3   0.0
71407   119.287    26.553   221.0   0.0
71408   119.539    26.503    80.0   0.0
71409   119.492    26.469   299.0   0.0
71410   119.338    26.456   413.0   0.1
71411   119.618    26.454     5.0   0.0
71412   119.687    26.467    56.0   0.0
71413   119.141    26.507   204.0   0.0
71414   119.673    26.471    35.0   0.0
71415   119.457    26.440   272.0   0.0
71501   119.856    26.325    45.0   0.0
71502   119.793    26.375    51.0   0.0
71503   119.871    26.358     2.0   0.0
71504   119.608    26.206    56.0   0.0
71505   119.473    26.351   110.3   0.0
71506   119.404    26.219    38.0   0.0
71507   119.309    26.374   124.0   0.0
71508   119.643    26.371    52.5   0.0
71509   119.720    26.240    66.5   0.0
71510   119.568    26.284   406.5   0.0
71511   119.367    26.289    68.0   0.0
71512   119.460    26.155   502.0   0.0
71513   119.591    26.241    36.0   0.0
71514   119.608    26.241    36.0   0.0
71515   119.541    26.204    10.0   0.0
71516   119.536    26.219     5.0   0.0
71517   119.518    26.292   138.0   0.0
71518   119.370    26.419   396.0   0.0
71519   119.670    26.307    53.0   0.0
71520   119.624    26.351    50.0   0.0
71521   119.852    26.341   145.0   0.0
71522   119.825    26.410    68.0   0.0
71523   119.876    26.318    30.0   0.0
71531   119.707    26.355    10.0   0.0
71532   119.905    26.418    17.0   0.0
71540   119.503    26.189    13.0   0.0
71541   119.542    26.142    19.0   0.0
71542   119.359    26.254    49.0   0.0
71543   119.569    26.372   434.0   0.0
71544   119.542    26.338   407.0   0.0
71545   119.318    26.418   462.0   0.0
71546   119.350    26.374   212.0   0.0
71547   119.356    26.391   453.0   0.0
71548   119.458    26.321    62.0   0.0
71549   119.476    26.409   158.0   0.1
71550   119.651    26.436    30.0   0.0
71551   119.434    26.222    33.0   0.0
71552   119.788    26.292    38.0   0.0
71553   119.653    26.237    21.0   0.0
71554   119.757    26.336    19.0   0.0
71555   119.468    26.267    42.0   0.0
71556   119.409    26.353   121.0   0.0
71557   119.406    26.385   112.0   0.0
71558   119.435    26.391   144.0   0.0
71559   119.470    26.374   105.0   0.0
71560   119.555    26.237    16.0   0.0
71601   119.674    26.019    12.0   0.0
71602   119.619    25.760    63.0   0.0
71603   119.540    25.951    50.0   0.0
71604   119.537    25.876    37.7   0.0
71605   119.468    25.853   108.1   0.0
71606   119.617    25.975    14.7   0.0
71607   119.620    25.920    22.2   0.0
71608   119.605    25.808    14.7   0.0
71609   119.652    25.936    52.0   0.0
71610   119.651    25.992    41.0   0.0
71611   119.459    25.958    28.0   0.0
71612   119.483    25.936    29.0   0.0
71613   119.452    25.873    61.0   0.0
71614   119.536    26.053    20.0   0.0
71615   119.653    25.906     5.0   0.0
71616   119.584    25.876     5.0   0.0
71617   119.485    25.802   169.0   0.0
71618   119.508    25.952    33.0   0.0
71619   119.573    25.892    29.0   0.0
71620   119.604    26.039    60.0   0.0
71621   119.509    25.956    27.0   0.0
71622   119.459    25.951     5.0   0.0
71623   119.592    25.808     8.0   0.0
71681   119.538    25.988   611.0   7.0
71701   119.289    25.452    18.0   0.0
71702   119.524    25.623    40.0   0.0
71703   119.290    25.424    50.0   0.0
71704   119.437    25.785    76.0   0.0
71705   119.187    25.773   162.0   0.0
71706   119.507    25.709    41.0   0.0
71707   119.520    25.423    39.0   0.0
71708   119.288    25.770    26.0   0.0
71709   119.285    25.703    62.0   0.0
71710   119.210    25.668   169.0   0.0
71711   119.189    25.721   148.0   0.0
71712   119.420    25.555    45.0   0.0
71713   119.520    25.518    65.0   0.0
71714   119.474    25.553    61.0   0.0
71715   119.452    25.676     4.0   0.0
71716   119.292    25.602    61.0   0.0
71717   119.304    25.635    43.0   0.0
71718   119.500    25.770   306.0   0.0
71719   119.326    25.726    62.0   0.0
71720   119.601    25.435    57.0   0.0
71721   119.238    25.503    44.0   0.0
71722   119.401    25.635    43.0   0.0
71723   119.604    25.350    50.0   0.0
71724   119.592    25.553    77.0   0.0
71725   119.233    25.584   340.0   0.0
71726   119.285    25.655    58.0   0.0
71727   119.304    25.704    32.0   0.0
71728   119.305    25.741    54.7   0.0
71729   119.359    25.724    16.0   0.0
71730   119.242    25.706    69.5   0.0
71731   119.451    25.451     3.0   0.0
71801   119.842    25.470    65.0   0.0
71802   119.706    25.623    59.0   0.0
71803   119.935    25.434    75.0   0.0
71804   119.884    25.589    48.0   0.0
71805   119.723    25.451    52.7   0.0
71806   119.590    25.650    42.7   0.0
71807   119.774    25.657    39.9   0.0
71808   119.718    25.372    29.0   0.0
71809   119.723    25.604    65.0   0.0
71810   119.757    25.585    30.0   0.0
71811   119.773    25.567    61.0   0.0
71812   119.738    25.505    31.7   0.0
71813   119.824    25.567    40.0   0.0
71814   119.756    25.485    35.0   0.0
71815   119.650    25.456    74.0   0.0
71816   119.826    25.458     4.0   0.0
71817   119.684    25.642   184.0   0.0
71818   119.935    25.434    75.0   0.0
71819   119.767    25.491    46.0   0.0
72101   118.136    24.438    15.9   0.0
72102   118.186    24.485  1616.0   0.0
72103   118.118    24.489    18.8   0.0
72104   118.004    24.618    38.0   0.0
72105   118.022    24.486    52.5   0.0
72106   118.154    24.667    28.5   0.0
72107   118.091    24.535    14.0   0.0
72110   118.123    24.501    26.0   0.0
72111   118.141    24.522    32.0   0.0
72112   118.167    24.509    23.0   0.0
72113   118.138    24.510    45.0   0.0
72114   118.101    24.522    35.0   0.0
72115   118.090    24.508    21.0   0.0
72117   118.109    24.487    16.0   0.0
72118   118.143    24.472     9.0   0.0
72119   118.143    24.472    14.0   0.0
72120   118.087    24.469    13.0   0.0
72121   118.108    24.472    12.0   0.0
72125   118.118    24.425    16.0   0.0
72126   117.973    24.737   279.8   0.0
72128   118.087    24.439    10.0   0.0
72130   117.936    24.526    32.0   0.0
72131   117.974    24.534    29.0   0.0
72132   117.988    24.455    20.0   0.0
72133   117.972    24.489    24.0   0.0
72134   117.905    24.585   104.0   14.9
72135   117.940    24.610   127.0   0.0
72136   117.973    24.637    49.0   0.0
72137   118.019    24.675    50.0   0.0
72138   118.006    24.520    35.1   0.0
72139   118.023    24.455   142.2   0.0
72140   117.984    24.472    20.1   0.0
72141   117.942    24.568    62.3   0.0
72142   118.120    24.470    21.0   0.0
72143   118.154    24.471    21.0   0.0
72144   118.076    24.591     2.1   0.0
72145   118.106    24.521    30.0   0.0
72146   118.017    24.457    80.0   0.0
72147   117.959    24.459     5.0   0.0
72148   118.040    24.471     6.0   0.0
72149   117.983    24.535     4.1   0.0
72150   118.005    24.537     3.3   0.0
72151   118.087    24.517    13.0   0.0
72152   118.122    24.474    32.0   0.0
72153   118.093    24.588    21.0   0.0
72155   118.069    24.442    11.0   0.0
72156   118.091    24.538    24.5   0.0
72157   118.124    24.567     3.0   0.0
72158   118.076    24.437    12.0   0.0
72159   118.170    24.538    41.0   0.0
72160   117.925    24.574    27.0   0.0
72161   118.067    24.459    17.0   0.0
72162   118.041    24.524    16.0   0.0
72164   118.052    24.442     8.0   0.0
72166   118.153    24.507    18.0   0.0
72167   118.067    24.568    41.0   0.0
72168   118.141    24.474    51.0   0.0
72169   118.160    24.471    27.0   0.0
72170   118.120    24.592    14.0   0.0
72171   117.992    24.691   135.0   0.0
72172   118.091    24.440    91.0   1.1
72173   117.973    24.637    29.0   0.0
72174   118.069    24.576     3.0   0.0
72176   118.004    24.442     5.0   0.0
72177   118.074    24.506     5.0   0.0
72178   117.041    24.639    30.0   0.0
72179   118.140    24.441    16.0   0.0
72180   118.053    24.456    14.0   0.0
72181   118.187    24.452    16.0   0.0
72182   118.056    24.606    24.0   0.0
72184   118.076    24.575     3.5   0.0
72185   118.071    24.492    64.0   0.0
72186   118.185    24.535     2.0   0.0
72187   118.074    24.453    12.0   0.0
72188   118.084    24.556    18.0   0.0
72189   117.940    24.556     4.5   0.0
72190   117.959    24.567     9.5   0.0
72191   117.917    24.556    17.4   0.0
72192   118.009    24.472     5.5   0.0
72193   118.042    24.504   225.0   0.0
72194   117.905    24.610   533.0   0.0
72196   117.969    24.502   127.0   0.0
72197   121.702    29.757     6.5   0.0
72199   121.585    29.807    22.0   0.0
72201   118.289    24.750    86.0   0.0
72202   118.176    24.623    21.0   0.0
72203   118.151    24.824    30.0   0.0
72204   118.071    24.824   115.0   0.0
72205   117.989    24.755   116.0   0.0
72206   118.123    24.306    14.0   0.0
72207   118.252    24.735    58.8   0.0
72208   118.102    24.741    50.0   0.0
72209   117.951    24.858   900.0   0.0
72210   118.070    24.688    67.5   0.0
72211   118.243    24.676    48.0   0.0
72212   117.791    24.752    40.0   0.0
72213   118.251    24.591    36.0   0.0
72214   118.043    24.854   572.5   0.0
72215   117.991    24.805   322.0   0.0
72221   118.155    24.840   110.4   0.0
72223   117.940    24.851  1000.0   0.0
72224   118.092    24.824    87.0   0.0
72225   118.171    24.860   323.7   0.0
72226   118.318    24.725   247.0   0.0
72227   118.109    24.858   412.5   0.0
72228   117.921    24.870   543.0   0.0
72229   118.057    24.872   596.0   0.0
72230   118.109    24.789    15.0   0.0
72231   117.968    24.806   264.0   0.0
72232   118.037    24.770    49.0   0.0
72233   118.067    24.759    53.0   0.0
72235   118.102    24.669    34.0   0.0
72236   118.135    24.642    12.0   0.0
72237   118.222    24.789    45.0   0.0
72238   118.206    24.706    19.0   0.0
72239   118.171    24.838   325.0   0.0
72240   118.201    24.741    30.0   0.0
72242   118.222    24.635    45.3   0.0
72243   118.307    24.638    30.7   0.0
72244   118.289    24.690    73.1   0.0
72245   118.207    24.670    44.4   0.0
72246   118.272    24.583    26.7   0.0
72247   118.192    24.584    40.9   0.1
72248   118.274    24.621    36.6   0.0
72249   118.336    24.587    22.5   0.0
72250   118.257    24.703    33.4   0.0
72251   118.275    24.787    59.8   0.0
72254   118.184    24.636    18.0   0.0
72255   118.287    24.560    33.0   0.0
72256   118.173    24.672    10.0   0.0
72257   118.176    24.656    15.0   0.0
72260   118.153    24.641    16.0   0.0
72261   118.138    24.720    25.0   0.0
72262   118.134    24.789   126.0   0.0
72263   118.202    24.769    39.0   0.0
72264   118.021    24.883   728.0   0.0
72265   118.157    24.886   850.0   0.0
72268   118.040    24.850   610.0   0.0
72269   118.193    24.754    23.0   0.0
72270   117.987    24.843  1030.0   0.0
72271   118.322    24.553    15.0   0.0
72272   118.369    24.525     5.0   0.0
72273   117.900    24.034    15.0   0.0
72274   118.003    24.434    31.0   0.0
72275   118.188    24.785    24.0   0.0
72276   118.290    24.654    20.0   0.0
72279   118.223    24.688    13.0   0.0
72280   118.322    24.553    14.0   0.0
72283   118.224    24.537    18.9   0.0
72286   118.126    24.268    98.0   0.0
72287   118.308    24.776   330.0   0.0
72288   118.572    24.523    27.0   0.0
72291   118.239    24.742    50.0   0.0
72293   118.272    24.624    60.0   0.0
72301   118.187    24.523    50.0   0.0
72302   118.189    24.486     0.0   0.0
72303   118.188    24.508    10.0   0.0
72304   118.170    24.454    10.0   0.0
72305   118.125    24.422    20.0   0.0
72306   118.106    24.426    10.0   0.0
72307   118.056    24.489    20.0   0.0
73101   119.509    27.585   956.0   0.0
73103   119.586    27.390   529.0   0.0
73104   119.526    27.318   121.0   0.0
73105   119.505    27.517   865.0   0.0
73106   119.487    27.393   882.0   0.0
73107   119.389    27.384   478.0   2.0
73108   119.304    27.410   479.0   2.4
73110   119.569    27.343   750.0   0.0
73111   119.467    27.233   676.0   0.0
73112   119.636    27.457   351.0   0.0
73113   119.372    27.451   450.0   0.9
73114   119.535    27.273   120.0   0.1
73115   119.176    27.200   690.0   9.2
73181   119.603    27.410   611.7   0.0
73201   119.301    27.236   536.0   0.0
73202   119.202    27.160   871.0   0.0
73203   119.357    26.937    81.0   0.0
73204   119.286    27.120   941.0   0.0
73205   119.337    27.072   722.0   0.0
73206   119.277    27.051   856.0   0.0
73207   119.205    27.040   999.0   0.0
73208   119.422    26.970   657.0   0.0
73209   119.376    27.075   697.0   0.0
73210   119.207    27.270  1012.0   0.1
73211   119.154    27.042   960.0   0.2
73212   118.959    27.121  1286.0   0.0
73301   119.721    27.241   155.0   0.0
73302   119.541    27.052    80.0   0.0
73303   119.451    27.186   628.0   0.0
73304   119.634    26.902    27.0   0.0
73305   119.685    26.803    15.0   0.0
73306   119.771    27.010    48.0   0.0
73307   119.721    27.302   589.0   0.0
73309   119.657    27.201    75.0   0.0
73310   119.570    27.207    79.0   0.0
73311   119.785    26.953    61.0   0.0
73313   119.608    27.002    56.0   0.0
73314   119.673    26.967    51.0   0.1
73315   119.792    26.860    24.0   0.1
73316   119.660    26.735    15.0   0.0
73317   119.402    27.052     0.0   0.0
73318   119.289    27.026   363.0   0.0
73319   119.371    27.090    42.0   0.0
73320   119.326    27.071   182.0   0.0
73350   119.624    27.105    26.0   0.0
73351   119.670    27.089   120.0   0.0
73361   119.485    27.056   202.0   0.0
73362   119.371    27.052   606.0   0.0
73381   119.720    26.835    42.0   0.0
73401   119.858    27.121   536.0   0.0
73402   119.784    27.184   710.0   0.0
73403   119.938    27.240   732.0   0.0
73404   119.809    27.275   743.0   0.0
73405   119.807    27.237   605.0   0.0
73406   119.917    27.183   767.0   0.0
73407   119.824    27.187   442.0   0.0
73408   119.939    27.156  1063.0   0.0
73409   120.005    27.191   403.0   0.0
73410   119.552    27.135  1175.0   0.0
73431   119.921    27.301   545.0   0.0
73432   119.942    27.286   578.0   0.0
73433   119.984    27.221   874.0   0.0
73434   119.860    27.168   848.0   0.0
73435   119.784    27.221   771.0   0.0
73436   119.858    27.273   396.0   0.0
73437   119.841    27.303   645.0   0.0
73438   119.936    27.124   728.0   0.0
73439   119.772    27.125   820.0   0.0
73440   119.743    27.153   881.0   0.0
73501   120.690    27.005   119.2   0.2
73502   120.320    26.955    35.0   0.0
73503   120.417    27.176   145.0   0.0
73504   120.168    27.176    62.0   0.0
73505   120.058    27.034    62.0   0.0
73506   120.024    27.253   599.0   0.0
73507   120.222    27.391   116.0   0.0
73508   120.106    27.389   623.0   0.1
73510   120.322    27.307    53.0   0.1
73511   120.109    27.152   217.0   0.0
73512   120.324    27.155    42.0   0.0
73514   120.242    27.101   128.0   0.0
73515   120.352    27.274   280.0   0.0
73516   120.167    27.236    39.1   0.0
73517   120.436    27.151    58.0   0.0
73518   120.355    27.185    50.0   0.0
73519   120.236    27.254    70.0   0.1
73520   120.374    26.934    22.0   0.0
73521   120.690    27.002   108.0   0.0
73522   120.484    26.972    40.9   0.0
73524   120.267    27.138    29.0   0.0
73525   121.217    26.883   545.0   0.0
73531   120.126    27.019    25.0   0.0
73571   120.825    27.042    50.0   0.0
73581   120.253    27.433   400.0   0.0
73601   118.625    26.438   129.5   0.0
73602   118.640    26.620   491.5   0.0
73603   118.791    26.735   465.0   0.0
73604   119.107    26.657   525.0   0.0
73605   118.903    26.609   450.0   0.0
73606   118.726    26.371   146.5   0.0
73607   118.670    26.704   851.0   0.0
73608   118.674    26.538   280.0   0.0
73609   118.910    26.672   455.0   0.0
73610   119.204    26.669   613.0   0.0
73611   119.275    26.640   674.0   0.0
73612   119.007    26.637   572.0   0.0
73613   118.833    26.543   665.0   0.0
73614   118.801    26.608   365.0   0.0
73615   118.635    26.824  1610.0   0.0
73616   119.040    26.622   640.3   0.0
73617   118.758    26.676   420.0   0.0
73620   118.971    26.641   902.0   0.0
73621   118.917    26.576   613.0   0.0
73622   118.875    26.624   490.0   0.0
73623   118.900    26.735   542.0   0.0
73624   118.840    26.493   882.0   0.0
73625   119.003    26.643   650.0   0.0
73626   118.825    26.737   402.0   0.0
73627   118.793    26.756   469.0   0.0
73630   118.743    26.609   310.0   0.0
73631   118.704    26.593   386.0   0.0
73632   118.674    26.822   991.0   0.0
73633   118.635    26.672   603.0   0.0
73634   118.609    26.619   380.0   0.0
73635   118.621    26.485   172.0   0.0
73636   118.652    26.440   131.0   0.0
73637   118.676    26.351    95.0   0.0
73638   119.301    26.652   835.0   0.1
73640   119.173    26.624   600.0   0.0
73641   119.151    26.691   670.0   0.0
73642   119.042    26.672   507.0   0.0
73643   119.000    26.592   767.0   0.0
73644   118.735    26.503   292.0   0.0
73645   118.819    26.702   639.0   0.0
73701   119.039    27.019   859.0   0.0
73702   118.840    26.823   449.5   0.0
73703   119.108    26.817   591.0   0.0
73704   119.150    26.953   641.0   0.0
73706   118.957    27.075   909.0   0.1
73707   118.808    26.935   897.0   0.0
73708   119.050    26.817   934.0   0.0
73709   119.009    26.954   812.0   0.0
73710   118.936    26.791   874.0   0.0
73711   119.055    27.076   639.0   0.0
73712   118.522    26.534   590.0   0.0
73713   118.984    26.909   880.0   0.0
73731   119.157    26.858   739.3   0.0
73732   119.055    26.842   908.0   0.0
73733   118.887    27.050  1022.4   0.0
73734   118.855    27.009  1121.0   0.0
73735   119.009    26.985   684.2   0.1
73736   118.967    26.970   767.1   0.0
73737   119.090    26.904   677.0   0.0
73738   119.169    26.902   376.2   0.0
73740   118.901    26.868   726.9   0.0
73741   119.152    26.774   803.0   0.0
73742   118.954    26.838   702.0   0.0
73743   119.086    27.056   945.1   0.0
73744   118.789    26.791   404.1   0.0
73745   118.803    26.969  1012.0   0.0
73781   119.020    26.969   828.0   0.0
73801   119.668    26.635     5.0   0.0
73802   119.590    26.706    30.5   0.0
73803   119.472    26.906   105.0   0.8
73804   119.423    26.852    41.0   0.0
73805   119.274    26.760   859.0   0.0
73806   119.355    26.705   447.0   0.0
73807   119.674    26.559   633.0   0.0
73808   119.460    26.817    41.0   0.0
73809   119.410    26.704   362.0   0.0
73810   119.552    26.660    10.0   0.0
73811   119.558    26.805    28.0   0.0
73812   119.541    26.768    33.0   0.0
73813   119.790    26.601    73.0   0.0
73814   119.591    26.559    38.0   0.0
73815   119.323    26.890   178.0   0.0
73816   119.520    26.670    50.0   0.1
73817   119.335    26.840   756.0   0.0
73818   119.274    26.704  1027.0   0.0
73819   119.534    26.843    46.0   0.0
73820   119.509    26.703   268.0   0.0
73821   119.759    26.604    10.0   0.0
73822   119.459    26.854    50.0   0.0
73823   119.534    26.892     0.0   0.0
73824   119.735    26.658   110.0   0.0
73835   119.543    26.622    43.0   0.0
73836   119.326    26.752   830.0   0.0
73837   119.537    26.917   563.0   0.0
73838   119.469    26.739   116.0   0.0
73839   119.423    26.723   821.0   0.0
73840   119.257    26.890   318.0   0.0
73841   119.286    26.870   619.0   0.0
73842   119.236    26.793   810.0   0.0
73843   119.201    26.739   910.0   0.0
73844   119.385    26.808   760.0   0.0
73845   119.356    26.643   688.0   0.0
73846   119.739    26.585    13.0   0.0
73847   119.467    26.842     0.0   0.0
73848   119.406    26.791     0.0   0.0
73849   119.504    26.675    50.0   0.0
73850   119.455    26.643   557.0   0.0
73851   119.740    26.824     0.0   0.0
73881   119.570    26.555   119.0   0.0
73901   120.053    26.504   210.2   0.0
73902   119.867    27.050   540.0   0.0
73903   120.169    26.976    42.0   0.0
73904   119.967    26.787    56.0   0.0
73905   119.936    26.603   213.0   0.0
73907   120.135    27.003    34.0   0.0
73908   119.923    26.943   483.0   0.0
73909   119.854    26.851    59.0   0.0
73910   120.070    26.967   174.0   0.0
73911   119.856    26.721    28.0   0.0
73912   120.037    26.723    20.0   0.0
73913   120.136    26.718    62.0   0.0
73915   120.342    26.686    87.0   0.0
73916   120.004    26.887    11.0   0.1
73917   119.907    26.772    38.0   0.0
73920   120.034    26.718     5.0   0.0
73931   120.142    26.925    16.0   0.0
73932   119.910    26.842   418.0   0.0
73933   120.157    27.038   186.0   0.0
73981   120.190    26.971    30.0   0.0
74101   119.172    25.471    21.0   0.0
74102   119.092    25.525    77.0   0.0
74103   118.973    25.635   167.0   0.0
74104   119.089    25.618   576.0   0.0
74105   119.075    25.719   367.0   0.0
74106   119.241    25.302    16.0   0.0
74107   118.926    25.492   136.0   0.0
74108   118.887    25.384    40.0   0.0
74109   119.217    25.541    77.0   0.0
74110   119.109    25.471    36.0   0.0
74111   119.118    25.439    25.0   0.0
74112   119.056    25.372     9.0   0.0
74113   119.018    25.488    66.0   0.0
74114   119.035    25.323    31.0   0.0
74115   118.992    25.556   160.0   0.0
74116   118.967    25.289    27.0   0.0
74117   118.969    25.439   335.0   0.0
74118   119.118    25.341    42.0   0.0
74119   119.152    25.324    32.0   0.0
74120   119.186    25.321    16.0   0.0
74121   119.169    25.373    18.0   0.0
74122   119.125    25.374    54.0   0.0
74123   119.034    25.539   492.0   0.0
74124   119.043    25.507    47.0   0.0
74125   119.055    25.484    31.0   0.0
74126   119.022    25.473    42.0   0.0
74127   118.993    25.392    20.0   0.0
74128   118.989    25.368    86.0   0.0
74129   119.040    25.372    26.0   0.0
74130   119.050    25.400    16.0   0.0
74131   119.005    25.435    43.0   0.2
74133   118.908    25.320   532.0   0.0
74134   118.875    25.391    71.0   0.0
74135   118.851    25.384    84.0   0.0
74136   118.874    25.336    74.0   0.0
74137   119.018    25.468    24.0   0.0
74138   118.888    25.508   108.0   0.0
74140   118.900    25.471   114.0   0.0
74141   118.892    25.437   279.0   0.0
74142   118.825    25.436   163.0   0.0
74144   118.942    25.524   120.0   0.0
74145   119.087    25.423     7.0   0.0
74147   118.973    25.460   170.0   0.0
74148   119.056    25.488     9.0   0.0
74149   119.070    25.502    33.0   0.0
74150   119.035    25.401    24.0   0.0
74151   119.004    25.590   146.0   0.0
74152   119.043    25.652   211.0   0.0
74154   118.905    25.657   393.0   0.0
74155   119.017    25.724   446.0   0.0
74157   118.906    25.286    65.0   0.0
74201   118.836    25.608   550.0   0.0
74202   118.637    25.452   502.0   0.1
74203   118.691    25.555   394.0   0.0
74204   118.835    25.301    60.0   0.0
74205   118.570    25.487   639.0   0.0
74206   118.743    25.207    85.0   0.0
74208   118.851    25.243    30.0   0.0
74209   118.788    25.519   635.0   0.0
74210   118.787    25.353    71.0   0.0
74211   118.752    25.603   496.0   0.0
74212   118.743    25.422    71.0   0.0
74213   118.737    25.272   160.0   0.0
74214   118.668    25.491   539.0   0.0
74215   118.592    25.606   905.0   0.0
74216   118.526    25.372   102.0   0.0
74217   118.520    25.434   164.0   0.0
74219   118.872    25.257     9.0   0.0
74220   118.655    25.337    59.0   0.0
74221   118.886    25.573   729.0   1.7
74222   118.538    25.506   242.0   0.0
74226   118.690    25.475   177.0   0.0
74227   118.737    25.634   266.0   0.0
74228   118.723    25.335    72.0   0.0
74229   118.572    25.407   133.0   0.0
74230   118.537    25.476   214.0   0.0
74231   118.743    25.291   152.0   0.0
74232   118.757    25.467   140.0   0.0
74233   118.821    25.242    72.0   0.0
74234   118.653    25.425   408.0   3.5
74235   118.774    25.243    81.0   0.0
74236   118.874    25.284    50.0   0.0
74237   118.704    25.252   252.0   0.0
74238   118.750    25.192   112.0   0.0
74239   118.817    25.303    51.0   0.0
74240   118.851    25.287    53.0   0.0
74242   118.535    25.309   376.0   0.0
74243   118.767    25.517   630.0   0.2
74244   118.784    25.635   466.0   0.0
74245   118.734    25.558   465.0   0.1
74246   118.822    25.372    91.0   0.0
74247   118.507    25.426   221.0   0.0
74248   118.684    25.386   114.0   0.0
74249   118.634    25.367    87.0   0.0
74250   118.684    25.351    91.0   0.0
74303   119.101    25.319    50.0   0.0
74304   119.354    25.252    22.0   0.0
74305   119.267    25.187    43.0   0.0
74306   119.154    25.257     6.0   0.0
74308   119.053    25.121    17.0   0.0
74311   119.074    25.220     8.0   0.0
74312   119.022    25.243    21.0   0.0
74313   119.255    25.354    58.0   0.0
74315   119.092    25.051    36.0   0.0
74317   119.140    25.092    31.0   0.0
74318   119.119    25.056     8.0   0.0
74319   119.141    25.123    18.0   0.0
74320   119.285    25.274   362.0   0.0
74321   119.337    25.317    27.0   0.0
74322   119.521    25.173   146.0   0.0
74323   119.076    25.176    25.0   0.0
74324   119.118    25.157    49.0   0.0
74325   119.358    25.123    12.0   0.0
74326   119.118    25.087    11.0   0.0
74327   119.589    25.240    15.0   0.0
75102   118.557    24.889    23.0   0.0
75103   118.618    24.886    35.1   0.0
75104   118.603    24.952   444.0   0.0
75105   118.660    24.939    26.2   0.0
75106   118.618    24.974    71.3   0.0
75107   118.622    25.050    34.0   0.0
75108   118.608    25.120   117.0   0.0
75109   118.601    25.209   137.0   0.0
75110   118.586    25.272   484.0   0.0
75111   118.651    24.939    14.0   0.0
75112   118.586    24.919    31.0   0.0
75113   118.659    24.976    20.0   0.0
75114   118.689    24.951    10.0   0.0
75117   118.421    25.236   168.9   0.0
75202   118.288    25.567   558.0   0.0
75203   118.384    25.627   306.0   0.0
75204   118.437    25.703   287.0   0.0
75205   118.122    25.609  1120.5   0.0
75206   118.203    25.842   882.0   0.0
75207   118.151    25.718   802.0   0.0
75208   118.242    25.673   921.0   0.0
75209   118.273    25.870   636.0   0.0
75210   118.126    25.804   827.0   0.0
75211   118.226    25.773   978.0   0.0
75212   118.172    25.593   690.0   0.0
75213   118.076    25.606   812.0   0.0
75214   118.074    25.688   823.0   0.0
75215   117.989    25.684   683.0   0.1
75216   118.336    25.704   819.0   0.0
75217   118.471    25.620  1635.0   0.0
75218   118.283    25.454   543.0   0.0
75219   118.173    25.501   596.0   0.1
75220   118.339    25.501   462.0   0.0
75221   118.110    25.642   919.0   0.0
75222   118.252    25.439   652.0   0.0
75223   118.292    25.475   482.0   0.0
75224   118.190    25.458   585.0   0.0
75225   118.203    25.503   502.0   0.0
75226   118.139    25.500   702.0   0.6
75228   118.259    25.526   521.0   0.0
75229   118.284    25.541   452.0   0.0
75230   118.272    25.653   761.0   0.0
75231   118.391    25.589   357.0   0.0
75232   118.420    25.583   366.0   0.0
75233   118.322    25.655   732.0   0.0
75234   118.372    25.708   713.0   0.1
75235   118.185    25.556   682.0   0.1
75236   118.201    25.607   821.0   0.0
75237   118.171    25.625   787.0   0.0
75238   118.038    25.552   890.0   0.0
75239   118.092    25.639   775.0   0.0
75240   117.992    25.670   708.0   0.0
75241   118.140    25.691   873.0   0.0
75242   118.208    25.707   871.0   0.1
75243   118.152    25.760   756.0   0.0
75244   118.191    25.801   687.0   0.0
75245   118.255    25.736   534.0   0.0
75246   118.075    25.736   905.0   0.0
75249   118.238    25.487   521.4   0.0
75301   118.252    25.286   200.0   0.1
75302   118.426    25.358   191.0   0.0
75303   118.175    25.318   224.0   0.0
75304   118.370    25.305   130.0   0.0
75305   118.136    25.451   800.0   0.0
75306   118.157    25.392   290.0   0.0
75307   117.793    25.455   374.0   2.3
75308   118.035    25.402   360.0   0.1
75309   118.257    25.401   292.0   0.0
75310   118.072    25.487   543.0   0.0
75311   118.225    25.440   560.0   0.0
75312   118.305    25.322   130.0   0.0
75313   117.940    25.438   605.0   0.0
75314   118.318    25.439   590.0   0.0
75315   118.467    25.322   260.0   0.0
75316   118.226    25.325   161.0   0.0
75317   117.891    25.389   299.0   0.0
75318   118.003    25.500   541.0   0.0
75319   118.018    25.419   345.0   0.0
75320   118.103    25.434   609.0   0.0
75321   118.217    25.257   532.0   0.0
75322   118.319    25.307   159.0   0.0
75323   118.153    25.393   344.0   0.4
75401   118.019    25.234   112.0   2.7
75402   118.088    25.134   124.0   0.0
75403   118.087    25.021   105.0   0.0
75404   117.924    25.320   252.0   0.0
75405   118.101    25.169    97.0   0.0
75406   118.068    24.951   179.0   0.0
75407   117.938    25.021   336.0   0.0
75408   117.850    25.300   472.0   0.0
75409   117.821    25.020   700.0   0.0
75410   117.970    24.889   848.0   0.0
75411   117.810    24.953   850.0   0.0
75412   117.868    25.191   670.0   0.0
75413   117.734    25.186   770.0   0.0
75414   117.767    25.354   464.0   0.0
75415   117.959    25.105   250.0   0.0
75416   117.605    25.257   237.0   0.0
75417   118.190    25.042    65.0   0.0
75418   118.170    25.057    68.0   0.0
75419   118.209    25.074    56.0   0.0
75420   118.023    25.274   210.0   3.8
75421   117.959    25.241   610.0   0.7
75422   117.887    25.153   592.0   0.0
75423   117.991    25.002   227.0   1.1
75424   118.151    25.125   123.0   0.0
75474   117.905    25.368   236.0   0.0
75475   117.707    25.272   461.0   0.0
75476   118.135    25.123    66.0   0.0
75477   118.217    25.135    48.0   0.0
75478   118.203    25.054    76.0   0.0
75479   118.000    25.018   194.0   0.3
75480   118.101    25.041    71.0   0.0
75481   118.086    24.987    96.0   0.0
75482   117.805    25.056   859.0   0.0
75483   117.971    25.177   701.0   4.2
75484   117.802    24.885   498.0   0.0
75485   117.658    24.910   557.0   0.0
75486   117.867    24.909   486.0   3.1
75487   117.868    24.991   742.0   0.0
75488   117.903    25.109   572.0   0.0
75489   118.010    25.105   191.0   6.0
75490   118.123    25.255   197.0   0.0
75491   118.203    25.056   408.0   0.0
75492   118.008    24.938   581.0   0.0
75493   117.705    25.368   910.0   0.0
75494   117.757    25.285   529.0   0.0
75495   117.901    25.275   668.0   0.0
75496   118.017    25.320   227.0   0.3
75497   118.055    25.260   513.0   0.1
75498   117.737    25.118   834.0   0.0
75499   117.790    25.172   702.0   0.0
75501   118.255    25.105   600.0   0.0
75502   118.470    25.140    43.0   0.0
75503   118.291    24.917    48.0   0.0
75504   118.402    24.607    23.0   0.0
75505   118.185    25.201   672.0   0.0
75506   118.487    25.268   660.0   0.0
75507   118.521    24.943    26.0   0.0
75508   118.489    25.052    45.0   0.0
75509   118.384    25.055    40.2   0.0
75510   118.274    25.022    24.1   0.0
75511   118.335    25.123   100.0   0.0
75512   118.290    25.187   118.8   0.0
75513   118.468    25.122   120.0   0.0
75514   118.475    24.924    95.3   0.0
75515   118.540    25.136    96.0   0.0
75516   118.421    24.806    64.0   0.0
75517   118.426    24.705    21.1   0.0
75518   118.157    24.969   561.1   0.0
75519   118.451    25.204   140.0   0.0
75520   118.320    24.843   355.6   0.0
75521   118.550    25.202    98.3   0.0
75522   118.520    25.084    35.1   0.0
75523   118.355    24.758    63.8   0.0
75524   118.350    24.917   198.0   0.0
75525   118.417    24.900    30.0   0.0
75526   118.238    24.960    95.0   0.0
75527   118.357    25.185    75.0   0.0
75580   118.493    25.273   599.0   0.0
75581   118.423    25.259   303.0   0.0
75582   118.551    25.257   239.0   0.1
75583   118.153    25.251   363.0   0.0
75584   118.387    25.218   142.0   0.0
75585   118.236    25.184   176.0   0.0
75586   118.374    25.171    58.0   0.0
75587   118.269    25.123   264.0   0.0
75588   118.403    25.108    64.0   0.0
75589   118.274    25.084   438.0   0.0
75590   118.552    25.042    60.0   0.0
75591   118.473    25.035    24.0   0.0
75592   118.268    24.992    59.0   0.0
75593   118.542    24.971    43.0   0.0
75594   118.343    24.957    30.0   0.0
75595   118.140    24.956   607.0   0.0
75596   118.202    24.925   333.0   0.0
75597   118.259    24.890    92.0   0.0
75598   118.342    24.690    75.0   0.0
75599   118.370    24.637    54.0   0.0
75601   118.608    24.733    45.5   0.0
75603   118.717    24.806    24.0   0.0
75604   118.675    24.626    23.0   0.0
75605   118.767    24.767    42.0   0.0
75606   118.604    24.820    30.1   0.0
75607   118.455    24.656    37.5   0.0
75608   118.489    24.818    64.3   0.0
75609   118.521    24.858    42.8   0.0
75610   118.542    24.785    52.1   0.0
75611   118.458    24.719    35.7   0.0
75612   118.569    24.517    12.0   0.0
75613   118.572    24.868    35.3   0.0
75614   118.602    24.767    32.0   0.0
75615   118.621    24.673    31.4   0.0
75616   118.558    24.691    60.1   0.0
75617   118.571    24.625    61.4   0.0
75618   118.619    24.793    19.1   0.0
75619   118.507    24.804    53.3   0.0
75620   118.508    24.736    41.1   0.0
75621   118.436    24.788    43.3   0.0
75622   118.503    24.892   518.0   0.0
75623   118.635    24.567    33.1   0.0
75624   118.534    24.826    32.0   0.0
75625   118.484    24.855    50.0   0.0
75626   118.536    24.753    58.0   0.0
75627   118.623    24.823    25.0   0.0
75628   118.567    24.667    47.0   0.0
75629   118.591    24.555    25.5   0.0
75630   118.607    24.617    20.0   0.0
75631   118.508    24.637    30.0   0.0
75632   118.488    24.717    27.0   0.0
75633   118.600    24.770    45.0   0.0
75634   118.567    24.817    64.0   0.0
75652   118.651    24.740    35.9   0.0
75654   118.751    24.739    26.0   0.0
75655   118.723    24.726    30.0   0.0
75656   118.607    24.734    10.6   0.0
75657   118.740    24.743    42.7   0.0
75658   118.720    24.722    15.0   0.0
75659   118.692    24.686    56.0   0.0
75660   118.690    24.786    28.5   0.0
75662   118.675    24.742    66.8   0.0
75663   118.668    24.703    46.7   0.0
75664   118.768    24.758    20.4   0.0
75701   118.823    24.867    30.0   0.0
75702   118.984    24.950    41.0   0.0
75703   119.008    25.051    28.0   0.0
75704   118.950    25.167    43.0   0.0
75706   118.804    25.054    29.3   0.0
75707   118.688    24.957    32.7   0.0
75708   118.734    24.926    42.0   0.0
75709   118.774    24.876    18.1   0.0
75710   118.893    24.989    30.1   0.0
75711   118.817    25.093    21.7   0.0
75712   118.807    24.967    80.0   0.0
75713   118.802    25.137    70.9   0.0
75714   118.687    25.022    39.9   0.0
75715   118.877    24.938    45.5   0.0
75716   118.572    25.076    91.2   0.0
75717   118.890    25.010    41.6   0.0
75718   118.701    24.872    36.5   0.0
75719   118.692    25.076    53.0   0.0
75720   118.976    24.876     7.5   0.0
75721   118.703    25.057     7.6   0.0
75722   118.758    25.020    51.0   0.0
75751   118.905    25.125    24.2   0.0
75752   118.822    25.157    55.1   0.0
75753   118.906    25.187    77.9   0.0
75755   118.973    25.191    84.3   0.0
75757   118.826    25.205   102.0   0.0
75758   118.941    25.119    39.2   0.0
75759   118.719    25.157   273.0   0.0
75760   118.876    25.084    29.7   0.0
75761   118.856    25.126    48.0   0.0
75762   118.869    25.209   107.0   0.0
76001   117.626    25.007   255.0   0.0
76002   117.554    24.717    98.0   10.4
76003   117.275    24.919   748.0   0.2
76004   117.550    24.910    61.0   0.0
76005   117.035    24.476   494.0   0.0
76006   117.010    24.252   388.0   0.6
76007   117.169    24.350   394.0   0.0
76008   117.117    24.152   221.0   0.6
76009   116.939    24.302   226.0   0.0
76010   117.069    24.320   390.0   0.0
76011   117.258    24.287    61.0   0.0
76012   117.356    24.307    98.0   0.0
76013   117.407    24.408    67.0   1.4
76014   117.543    25.117   159.0   0.0
76015   117.469    24.874   329.0   0.0
76016   117.625    24.650    27.0   0.0
76017   117.390    24.853   311.0   0.0
76018   117.905    24.788   117.5   0.0
76019   117.790    24.659    38.7   0.0
76020   117.758    24.741    41.8   0.0
76021   117.651    24.776   152.7   0.0
76023   117.367    23.590    15.0   0.0
76024   117.357    23.670    19.0   0.0
76025   117.407    23.593   211.0   0.0
76026   117.400    24.167   178.0   0.0
76027   116.975    24.324   312.7   2.0
76028   117.826    24.467    31.8   0.0
76029   117.860    24.334    16.7   0.0
76030   118.005    24.319    25.8   0.0
76031   118.108    24.325    33.8   0.0
76032   118.037    24.406    10.0   0.0
76033   117.883    24.533    18.0   0.0
76034   118.055    24.256    10.0   0.0
76035   117.502    24.071    82.8   0.0
76036   117.675    24.287    55.0   0.0
76037   117.692    24.040    32.0   0.0
76038   117.617    23.834    22.7   0.0
76039   117.539    23.923    38.6   0.0
76040   117.583    23.717    12.0   0.0
76041   117.856    24.819    89.0   0.0
76042   117.504    24.584    25.0   0.0
76043   117.358    24.620    45.8   8.2
76044   117.222    24.867   254.7   3.3
76045   117.272    24.119    70.0   0.0
76046   117.376    24.009    12.0   0.0
76047   117.336    23.937    45.8   0.3
76048   117.403    23.792    50.6   0.0
76049   116.958    24.093   285.6   0.0
76050   117.100    23.869    91.8   0.0
76051   117.084    23.685    62.8   0.0
76052   117.219    23.625    22.0   3.8
76053   117.519    24.634    54.2   0.0
76055   117.353    23.743    16.0   0.0
76056   117.472    23.721    29.0   0.0
76057   117.407    23.722    34.0   0.0
76058   117.338    24.393    56.6   0.0
76059   117.217    24.253   183.8   0.0
76061   117.086    24.218   940.0   0.5
76062   117.200    24.133   139.6   0.0
76063   117.667    24.351    55.8   0.0
76064   117.700    24.400    25.0   0.0
76065   117.868    24.522    28.8   0.0
76066   117.771    24.359    26.8   0.0
76067   117.585    24.389    69.6   0.0
76068   117.867    24.355    20.8   0.0
76069   117.969    24.405    24.8   0.0
76070   117.451    24.143    45.0   0.0
76071   117.675    24.135    57.0   0.0
76072   117.617    23.952    37.8   0.0
76073   117.750    24.317    36.7   0.0
76074   117.800    24.067    59.8   0.0
76075   117.900    24.250    34.8   0.0
76076   117.821    24.290    84.0   0.0
76077   117.538    24.843   416.0   0.0
76078   117.819    24.174    50.8   0.0
76079   117.552    24.253    89.6   0.0
76080   117.538    24.124    33.7   0.0
76081   117.817    24.233    44.8   0.0
76082   117.676    24.002    33.6   0.0
76083   117.903    24.173    22.7   0.0
76084   117.754    23.936    17.0   0.0
76085   117.753    24.770    73.0   0.0
76086   117.086    24.667   454.0   18.5
76087   117.237    24.623   210.0   4.9
76088   117.356    24.673   245.0   4.1
76089   117.177    24.758   270.0   1.4
76090   117.443    24.656    45.0   0.0
76091   117.159    24.505   809.0   11.3
76092   117.104    24.739   324.0   7.9
76093   117.335    24.738    39.0   10.5
76094   117.105    24.624   125.0   10.9
76095   117.259    23.954    43.7   0.0
76096   117.383    23.853    57.0   0.0
76097   117.375    23.950    32.8   2.7
76098   117.305    23.971    45.0   5.5
76099   117.471    23.822    21.0   0.0
76100   117.067    24.017   144.8   0.0
76101   117.017    23.900    94.8   1.8
76102   117.089    23.806    87.0   0.0
76103   117.202    23.803    45.0   0.0
76104   117.267    23.784   768.0   0.0
76105   116.990    24.020    74.0   0.0
76106   117.239    23.692    10.0   0.0
76107   117.823    24.573    16.0   0.0
76112   117.456    24.483    43.0   0.0
76113   117.921    24.670   230.6   0.0
76114   117.683    24.467    78.0   0.0
76115   117.641    24.484    89.0   0.0
76116   117.783    24.467    56.0   0.0
76117   117.807    24.442    58.0   0.0
76118   117.226    23.601     8.0   2.5
76119   117.368    23.568    22.0   0.0
76120   117.859    24.104    20.0   0.0
76121   117.524    24.604   102.0   0.0
76122   117.608    24.301    15.0   0.0
76123   117.426    24.137    24.0   0.0
76124   117.910    24.174    14.0   0.0
76125   117.301    24.372    46.0   0.0
76126   117.772    24.017     6.0   0.0
76127   117.704    23.775    25.0   0.5
76128   117.317    23.605    12.0   1.3
76129   117.518    24.402    87.0   0.0
76130   117.473    24.039    72.0   0.0
76131   117.367    24.517    28.0   8.1
76132   117.555    24.067    27.0   0.0
76133   117.517    24.126    20.0   0.0
76134   117.169    23.967   416.0   0.0
76135   117.137    24.356   412.0   0.0
76136   117.553    25.140   650.0   0.0
76137   117.488    24.334   410.0   0.0
76138   117.541    24.073    30.0   0.0
76139   117.700    24.500     9.5   0.0
76140   117.740    24.486     0.0   0.0
76141   117.709    24.557    25.6   0.0
76142   117.752    24.553    14.4   0.0
76143   117.133    23.767    18.1   0.0
76144   117.707    24.536    12.5   0.0
76145   117.655    24.518    21.6   0.0
76146   117.483    24.350   390.0   0.0
76147   117.483    23.704    25.6   0.0
76149   117.600    24.133    53.0   0.0
76151   117.409    23.920     0.5   0.0
76157   117.738    24.852   733.0   0.0
76161   117.757    24.534    29.5   0.0
76162   117.717    24.520    40.9   0.0
76163   117.735    24.556    36.4   0.0
76164   117.706    24.590    12.6   0.0
76165   117.672    24.487     5.4   0.0
76166   117.689    24.537    15.1   0.0
76167   117.742    24.507    53.2   0.0
76168   117.368    23.687    37.0   0.0
76251   117.410    24.259   736.0   0.0
76252   117.318    24.255    64.0   0.0
76253   117.141    24.138   767.0   0.0
76254   117.219    24.085   111.0   0.0
76255   117.241    24.369   149.0   0.0
76256   117.233    24.455   179.0   0.1
76257   117.143    24.285   275.0   0.1
76258   117.404    24.325   116.0   0.0
76259   117.470    24.401   280.0   0.1
76261   117.317    24.307    43.0   0.0
76262   117.336    24.439   104.0   0.2
76263   117.250    24.419   170.0   0.0
76264   117.107    24.472   519.0   0.5
76265   117.040    24.541   700.0   0.0
76266   116.967    24.506   581.0   1.6
76267   117.018    24.423   550.0   5.1
76268   116.971    24.439   347.0   9.7
76269   116.952    24.373   288.0   0.0
76270   117.104    24.402   489.0   0.0
76271   117.168    24.417   430.0   0.0
76272   117.023    24.200   345.0   0.0
76273   117.072    24.354   624.0   0.4
76274   117.036    24.384   589.0   0.4
76275   117.700    24.143    63.0   0.0
76276   117.450    23.721    15.0   0.0
76277   117.751    24.522    38.0   0.0
76278   117.788    24.568    28.0   0.0
76279   117.650    24.583    45.0   0.0
76280   117.683    24.637    27.0   0.0
76281   117.676    24.276    20.0   0.0
76282   117.091    23.735    41.0   0.0
76284   117.684    24.520    22.0   0.0
76285   117.676    24.554    43.0   0.0
76301   117.324    24.768   447.0   8.4
76302   117.120    23.693    15.0   0.0
76303   117.376    23.821    15.0   0.4
76304   117.823    24.175    20.0   0.0
76308   117.505    25.024   143.0   0.0
76406   117.509    24.689   160.0   0.0
76901   117.458    23.653    65.0   0.0
76911   117.874    24.775    42.0   0.0
76912   117.287    24.556   134.0   3.8
76913   117.543    24.120    15.0   0.0
76914   117.305    23.817    25.0   0.0
76915   117.721    24.321    12.0   0.0
76917   117.933    24.323   206.0   0.0
76919   117.755    24.653    29.0   0.0
76920   117.221    24.617   141.0   2.0
76922   117.822    24.620    18.0   0.0
77101   116.170    25.867   279.0   0.0
77102   116.391    25.925   466.0   0.0
77103   116.102    25.490   466.0   0.0
77104   116.203    25.670   344.0   0.0
77105   116.554    25.804   577.0   0.0
77106   116.539    25.936   524.0   0.0
77107   116.501    25.591   324.0   0.0
77108   116.318    25.385   251.0   0.0
77109   116.284    25.552   260.0   0.0
77110   116.456    25.470   370.0   0.0
77111   116.454    25.874   351.0   0.0
77113   116.455    25.636   316.0   0.0
77114   116.457    25.957   452.0   0.0
77115   116.104    25.684   438.0   0.5
77116   116.384    25.406   316.0   0.0
77117   116.376    25.593   291.0   0.0
77118   116.351    25.723   303.0   0.0
77119   116.474    25.490   409.0   0.0
77120   116.524    25.700   369.0   0.0
77121   116.440    25.719   340.0   0.0
77123   116.290    25.459   254.0   0.0
77124   116.223    25.753   388.0   0.0
77125   116.089    25.576   555.0   0.0
77126   116.286    25.705  1076.0   0.0
77127   116.351    25.837   355.0   0.0
77128   116.334    25.806   366.0   0.0
77129   116.101    25.491   460.0   0.0
77151   116.387    25.687   276.0   0.0
77152   116.293    25.552   265.0   0.0
77161   116.300    25.733   280.0   0.0
77162   116.550    25.741   609.0   0.0
77201   116.627    25.600   383.0   0.0
77202   116.891    25.556   386.0   0.0
77203   116.608    25.353   303.0   0.0
77204   116.753    25.667   392.0   0.0
77205   116.673    25.523   348.0   0.0
77206   116.768    25.417   682.0   0.0
77207   116.734    25.750   394.0   0.1
77208   116.700    25.800   339.0   0.0
77209   116.950    25.676   473.0   1.2
77210   116.807    25.484  1260.0   0.0
77211   116.684    25.333   308.0   0.2
77212   117.019    25.569   820.0   0.0
77213   116.701    25.901   473.0   0.0
77214   116.919    25.654   626.0   0.1
77215   116.610    25.369   329.0   0.0
77216   116.852    25.770   376.0   12.6
77217   116.723    25.684   400.0   0.0
77218   116.767    25.717   364.0   0.0
77219   116.684    25.743   386.0   0.0
77220   116.656    25.439   308.0   0.0
77221   116.725    25.487   410.0   0.0
77222   116.660    25.869   394.0   0.1
77223   116.755    25.719   380.0   0.0
77231   116.772    25.823   385.0   0.0
77232   116.672    25.821   406.0   0.0
77233   116.652    25.876   584.0   0.0
77234   116.787    25.755   385.0   0.0
77235   116.701    25.841   456.0   0.0
77236   116.593    25.439   750.0   0.0
77237   116.639    25.284   452.0   0.0
77238   116.860    25.642   766.0   1.8
77240   116.667    25.721   413.0   0.0
77241   116.634    25.636   384.0   0.0
77242   116.600    25.503   745.0   0.0
77243   117.139    25.568   776.0   0.0
77244   116.773    25.604   433.0   0.0
77245   116.785    25.552   554.0   0.0
77246   116.605    25.651   512.0   0.0
77247   116.642    25.585   391.0   0.0
77248   116.934    25.470   644.0   0.0
77249   116.923    25.543  1214.0   0.0
77250   116.783    25.700   417.0   0.0
77251   116.804    25.422   829.0   0.0
77252   116.886    25.805   694.0   10.9
77253   116.901    25.722   736.0   0.2
77254   117.003    25.752   471.0   0.0
77255   117.025    25.804   651.0   8.5
77256   116.741    25.352   822.0   0.9
77261   116.726    25.674   394.0   0.0
77270   116.858    25.673   695.0   1.2
77301   115.992    25.140   486.0   4.1
77302   116.037    25.284   480.0   0.4
77303   115.857    25.186   305.0   10.0
77304   116.101    25.393   350.0   0.0
77305   116.258    24.951   367.0   0.0
77306   116.143    25.158   593.0   2.1
77307   116.336    24.909   559.0   0.0
77308   115.937    25.001   332.0   0.0
77309   116.209    25.025   312.0   0.0
77311   116.117    25.226   525.0   8.3
77312   116.037    25.023   288.0   1.3
77313   115.953    25.204   556.0   2.6
77314   116.087    25.141   290.0   4.4
77315   116.187    25.351   310.0   0.0
77316   116.239    25.093   282.0   0.0
77317   116.133    24.923   209.0   0.0
77318   116.090    25.043   240.0   4.2
77319   116.257    25.207   340.0   0.0
77320   116.038    24.884   207.0   6.4
77321   116.089    25.089   268.0   4.9
77322   116.217    24.857   308.0   0.0
77323   116.238    25.254   490.0   1.4
77324   115.973    25.174   468.0   1.6
77325   116.207    25.440   396.0   0.0
77326   116.022    25.387   469.0   0.0
77327   116.156    25.406   335.0   0.0
77328   116.252    25.388   318.0   0.0
77329   116.084    25.121   534.0   0.3
77330   116.109    25.276   385.0   0.4
77331   116.054    25.220   552.0   0.5
77332   116.093    25.187   370.0   15.6
77333   116.193    25.118   420.0   0.9
77334   116.301    25.143   329.0   0.0
77335   116.004    25.053   311.0   6.6
77336   115.989    24.953   277.0   1.2
77337   116.259    25.056   268.0   0.5
77338   116.210    25.155   287.0   0.0
77339   115.926    24.941   575.0   0.0
77340   116.320    24.852   371.0   0.0
77341   116.070    24.906   203.0   0.3
77370   116.220    24.919   295.0   0.0
77401   116.456    24.818   210.0   0.0
77402   116.554    25.270   265.0   0.0
77403   116.367    25.009   268.0   0.5
77405   116.854    25.269   828.0   0.0
77406   116.490    25.325   331.0   0.0
77407   116.410    25.256   404.0   0.0
77408   116.607    24.906   224.0   0.0
77409   116.401    25.173   630.0   0.0
77410   116.600    24.852   209.0   0.0
77411   116.337    25.309   261.0   0.0
77412   116.319    25.039   266.0   0.0
77413   116.734    25.222   707.0   0.0
77414   116.824    25.233   734.0   0.0
77415   116.525    25.054   345.0   0.0
77416   116.321    25.224   315.0   0.0
77417   116.626    24.985   258.0   0.8
77418   116.489    25.207   235.0   0.0
77419   116.507    24.943   272.0   0.2
77420   116.454    25.303   360.0   0.0
77421   116.592    25.137   496.0   0.0
77422   116.438    24.874   277.0   0.0
77423   116.576    25.021   390.0   0.0
77424   116.420    25.121   217.0   0.0
77425   116.742    25.169   531.0   0.2
77426   116.672    25.068   327.0   16.7
77470   116.655    25.271   563.0   0.0
77501   116.651    24.867   256.0   0.0
77502   116.510    24.741   204.0   0.0
77504   116.805    24.710  1055.0   12.1
77505   116.886    24.919   284.0   0.0
77506   116.826    24.592   227.0   0.5
77507   116.620    24.672   179.0   0.0
77508   116.787    24.988   432.0   2.3
77509   116.889    24.957   353.0   8.2
77510   116.919    24.835   308.0   3.5
77511   116.953    24.635   372.0   14.1
77512   116.807    24.871   293.0   16.2
77513   116.907    24.717   381.0   8.5
77514   117.008    24.841   426.0   0.1
77515   116.826    24.800   226.0   0.0
77516   116.725    24.774   257.0   0.0
77517   116.872    24.459   541.0   0.0
77518   116.984    24.702   473.0   3.5
77519   116.903    24.635   343.0   0.4
77520   117.005    24.658   548.0   0.1
77521   116.939    24.907   357.0   2.1
77522   116.674    24.738   231.0   0.0
77523   116.900    24.543   586.0   1.1
77524   116.876    24.670   352.0   11.2
77525   116.971    24.592   506.0   4.3
77526   116.655    24.705   180.0   0.2
77527   116.706    24.688   245.0   0.0
77531   116.821    25.041   681.0   0.3
77532   116.721    24.874   402.0   10.8
77533   116.910    24.985   336.0   1.8
77534   116.984    24.906   517.0   0.0
77535   117.052    24.854   409.0   0.0
77536   116.971    24.792   382.0   1.9
77537   116.875    24.876   297.0   0.0
77538   116.790    24.917   431.0   5.5
77539   116.818    24.837   250.0   9.7
77540   116.868    24.785   330.0   0.5
77541   116.787    24.785   212.0   1.7
77542   116.738    24.821   572.0   5.4
77543   116.588    24.790   213.0   0.0
77544   116.618    24.734   218.0   0.0
77545   116.567    24.640   233.0   0.0
77546   116.553    24.691   185.0   0.0
77547   117.002    24.559   745.0   12.4
77548   116.991    24.738   570.0   0.6
77549   116.786    24.576   160.0   13.9
77550   116.772    24.536   126.0   0.0
77601   117.000    25.093   369.0   0.0
77602   117.102    24.876   714.0   1.6
77603   117.103    25.338  1590.0   0.1
77604   117.222    25.386   226.0   0.0
77605   116.803    25.119   522.0   0.0
77606   116.957    25.169   598.0   0.8
77607   117.055    25.405   326.0   0.0
77608   117.168    25.051  1485.0   0.0
77609   117.034    25.083   360.0   0.0
77610   116.967    25.093   390.0   0.0
77611   117.272    25.309   207.0   0.4
77612   117.056    25.140   333.0   0.3
77613   117.000    25.003   406.0   0.0
77614   117.176    25.150   544.0   0.0
77615   116.900    25.173   819.0   0.4
77616   117.151    25.291   355.0   0.5
77617   116.922    25.004   445.0   0.4
77618   117.067    24.835   656.0   0.0
77619   116.755    25.125   480.0   0.4
77620   117.017    25.091   375.0   0.2
77621   116.973    25.093   388.0   0.0
77622   117.208    25.390   290.0   0.0
77623   117.023    25.102   370.0   1.3
77624   116.952    25.441   566.0   0.0
77625   116.987    25.219   927.0   2.4
77626   116.974    25.035   367.0   0.0
77670   117.074    24.985   471.0   0.0
77701   117.353    25.118   636.0   1.1
77702   117.426    25.506   375.0   0.1
77703   117.651    25.568   996.0   0.0
77704   117.317    25.056   795.0   2.2
77705   117.305    25.657   391.0   0.1
77706   117.507    25.585   323.0   0.1
77707   117.573    25.402   221.0   0.0
77708   117.591    25.254   255.0   0.0
77709   117.354    25.390   239.0   8.4
77710   117.358    25.571   247.0   0.0
77711   117.492    25.308   650.0   0.0
77712   117.317    25.241   245.0   0.0
77713   117.585    25.605   494.0   0.0
77714   117.322    25.323   188.0   0.3
77716   117.505    25.400   755.0   0.0
77717   117.271    24.993   997.0   1.2
77718   117.520    25.184   156.0   0.0
77719   117.475    25.042   355.0   0.1
77720   117.639    25.437   290.0   0.0
77721   117.253    25.152   529.0   0.0
77722   117.657    25.376   992.0   0.0
77723   117.310    25.520   332.0   0.0
77724   117.491    25.684   352.0   0.0
77725   117.353    25.602   379.0   0.0
77726   117.553    25.356   234.0   0.0
77727   117.417    25.336   242.0   0.0
78001   117.254    26.967   319.2   0.4
78002   117.100    26.802   312.0   0.0
78003   117.017    26.707   294.0   0.0
78004   117.101    27.040   613.0   0.0
78005   117.042    26.624   405.0   0.0
78006   117.174    27.036   389.0   0.0
78007   117.076    26.903   347.0   0.0
78008   117.005    26.924   341.0   0.0
78010   117.158    26.820   356.0   0.1
78011   117.189    26.751   412.0   1.2
78013   117.184    27.002   332.3   0.4
78014   117.040    26.791   395.0   0.0
78015   117.067    26.852   292.0   0.0
78016   117.092    26.868   284.0   0.0
78017   117.075    27.005  1706.0   0.0
78018   117.022    26.705   285.0   0.0
78019   117.085    26.934   531.0   0.1
78020   117.357    27.040   380.6   4.3
78021   117.323    27.033   342.3   1.4
78022   117.224    27.003   340.4   1.7
78023   117.156    27.075   422.4   0.0
78024   117.123    26.708   228.0   0.0
78025   117.089    27.055   705.3   0.0
78026   117.173    26.924   311.0   0.0
78027   117.203    26.885   298.6   0.0
78028   117.169    26.840   339.8   0.0
78029   117.188    26.951   299.4   0.0
78030   116.970    26.900   353.0   0.0
78031   117.137    26.951   533.0   0.0
78032   116.953    26.702   319.0   0.0
78101   116.790    26.656   355.0   0.0
78102   116.668    26.837   488.8   0.0
78103   116.987    27.010   449.2   0.0
78104   116.803    26.990   487.5   0.0
78105   116.724    26.960   456.3   0.0
78106   116.585    26.708   469.2   0.0
78107   116.823    26.850   341.4   0.0
78108   116.753    26.687   396.1   0.0
78109   116.875    26.975   452.2   0.0
78110   116.653    26.739   432.8   0.0
78111   116.918    26.773   941.3   0.0
78112   116.651    26.922   471.0   0.0
78113   116.618    26.859   443.5   0.0
78114   116.684    26.793   465.7   0.0
78115   116.669    26.718   410.3   0.0
78116   116.603    26.772   475.7   0.0
78117   116.560    26.810   516.2   0.0
78118   116.521    26.706   520.6   0.0
78119   116.552    26.722   482.9   0.0
78120   116.753    26.891   348.6   0.0
78121   116.720    26.672   433.1   0.0
78122   116.723    26.736   344.8   0.0
78123   116.802    26.653   528.6   0.0
78124   116.834    26.653   530.1   0.0
78125   116.810    26.741   290.2   0.0
78126   116.860    26.920   329.3   0.0
78127   116.975    26.972   398.0   0.0
78128   116.774    26.841   343.0   0.0
78129   116.671    26.870   385.0   0.0
78197   116.791    26.673   330.0   0.0
78198   116.851    26.804   303.0   0.0
78199   116.909    26.751  1802.3   0.1
78201   116.672    26.571   417.0   0.0
78202   116.509    26.037   528.6   0.0
78203   116.952    26.406   445.0   0.0
78204   116.507    26.242   371.3   0.0
78205   116.690    26.371   350.0   0.0
78206   116.841    26.350   431.0   0.0
78207   116.675    26.237   336.0   0.0
78208   116.537    26.184   398.4   0.0
78210   116.602    26.017   474.0   0.0
78211   116.718    26.270   353.0   0.0
78212   116.553    26.337   401.0   0.0
78213   116.652    26.443   597.5   0.0
78214   116.742    26.468   376.0   0.0
78215   116.735    26.106   369.4   0.0
78216   116.470    26.189   391.2   0.0
78217   116.770    26.418   375.0   0.0
78218   116.438    26.250   387.0   0.0
78220   116.488    26.134   443.0   0.0
78221   116.603    26.260   350.0   0.0
78222   116.402    26.237   386.2   0.0
78223   116.634    26.234   455.0   0.0
78301   116.807    25.857   370.8   0.0
78302   117.008    26.234   474.5   0.0
78303   116.726    25.975   404.0   0.0
78304   116.851    26.053   304.0   0.0
78305   116.787    25.823   339.6   0.0
78306   116.836    25.910   394.0   0.0
78307   116.876    25.937   324.4   0.4
78308   116.876    26.237  1112.1   0.0
78309   116.868    25.857   494.2   15.7
78310   116.883    26.133   285.0   0.0
78311   117.068    26.317   494.0   0.0
78312   116.935    26.253   303.8   0.0
78313   117.039    26.101   366.0   0.6
78314   116.693    26.017   436.0   0.0
78315   116.968    26.019   292.0   0.0
78316   116.917    26.186   375.0   0.0
78401   117.392    26.785   224.0   0.0
78402   117.201    26.667   186.0   0.9
78403   117.543    26.673   210.0   0.1
78404   117.390    26.522   249.0   0.0
78405   117.426    26.969   205.0   0.0
78406   117.419    26.891   260.0   0.0
78407   117.205    26.576   578.0   0.0
78408   117.317    26.667   175.0   0.0
78409   117.590    26.803   260.0   0.0
78410   117.367    26.935   318.0   0.0
78411   117.251    26.908   333.0   5.0
78412   117.420    26.625   175.0   0.0
78413   117.457    26.552   221.0   0.0
78414   117.491    26.675   190.0   0.0
78416   117.542    26.643   704.5   0.0
78417   117.606    26.773   459.6   0.0
78418   117.387    26.572   204.9   0.0
78419   117.338    26.488   280.5   0.0
78420   117.289    26.507   738.0   0.0
78421   117.359    26.700   205.8   0.0
78422   117.322    26.622   241.0   0.0
78423   117.351    26.836   362.7   0.5
78424   117.441    26.826   223.6   0.0
78425   117.390    26.919   297.7   0.0
78426   117.406    27.023   486.7   0.0
78427   117.402    26.953   350.5   0.0
78428   117.341    26.904   367.6   0.0
78429   117.168    26.619   345.1   0.5
78430   117.585    26.857   310.9   0.0
78431   117.536    26.834   225.5   0.0
78432   117.268    26.870   401.7   1.0
78433   117.241    26.838   478.3   3.5
78434   117.423    26.709   179.0   0.0
78435   117.504    26.769   171.2   0.0
78501   117.268    26.339   295.0   8.0
78502   116.935    26.576   410.0   0.0
78503   116.843    26.507   635.0   0.0
78504   117.226    26.209   416.0   20.8
78505   117.454    26.423   398.0   0.0
78506   117.053    26.437   390.0   0.0
78507   117.142    26.486   368.0   0.0
78508   117.340    26.407   230.0   0.0
78509   117.487    26.506   648.0   0.0
78601   117.688    26.442   185.0   0.5
78602   117.906    26.275   414.0   0.0
78603   117.975    26.525   104.0   0.0
78604   117.668    26.571   202.0   0.0
78605   117.751    26.572   176.5   4.5
78606   117.903    26.424   115.0   0.0
78607   117.540    26.152   360.0   0.0
78608   117.670    26.170   508.0   0.0
78609   117.640    26.308   147.0   0.0
78610   117.573    26.373   270.0   0.0
78611   117.723    26.308   239.0   0.0
78612   117.639    26.093  1050.0   1.5
78613   117.719    26.187   548.0   5.8
78614   117.325    26.206   270.0   0.1
78615   117.590    26.220   319.0   0.0
78616   117.457    26.169   377.0   0.0
78617   117.525    26.100   800.0   0.0
78618   117.438    26.269   362.0   0.0
78619   117.543    26.186   355.0   0.0
78620   117.558    26.303   374.0   0.0
78621   117.525    26.258   191.0   0.0
78622   117.684    26.255   405.0   0.0
78623   117.622    26.268   173.0   0.0
78624   117.539    26.358   357.0   0.0
78625   117.969    26.354   198.0   0.0
78626   117.841    26.387   124.2   0.0
78627   117.735    26.253  1511.0   0.0
78628   117.605    26.637   701.0   0.0
78629   117.768    26.124   835.0   0.1
78630   117.788    26.619   239.0   6.8
78631   117.788    26.250   431.0   0.0
78632   118.020    26.368   357.0   0.1
78633   117.754    26.419   143.3   3.4
78634   117.752    26.571   192.0   0.0
78635   117.443    26.838   244.0   0.0
78636   117.422    26.872   275.0   0.0
78637   117.317    26.942   517.0   0.0
78638   117.285    27.023   350.0   0.0
78639   117.803    26.438   131.1   2.7
78640   117.454    26.120   190.0   0.0
78641   117.559    26.192   162.0   0.0
78701   117.242    25.855   216.0   0.0
78702   117.619    25.875   737.0   0.0
78703   117.118    25.738   240.8   0.0
78704   117.723    25.986   389.0   0.0
78705   117.126    26.035   238.0   4.3
78706   117.319    26.053   270.0   0.0
78707   117.373    25.909   200.0   0.0
78708   117.618    25.973   607.0   0.0
78709   117.303    25.772   621.0   0.0
78710   117.219    25.956   268.0   1.1
78711   117.210    25.642   967.0   0.2
78712   117.135    25.802   510.0   0.0
78713   117.437    25.808   369.0   0.0
78714   117.438    26.091   160.0   0.0
78715   117.267    26.022   183.0   0.0
78716   117.006    25.917   424.0   12.5
78717   117.504    25.958  1093.0   0.1
78718   117.405    25.688   467.0   0.0
78720   117.410    26.006   250.0   0.0
78721   117.553    25.955   682.0   0.0
78722   117.060    25.886   511.0   11.5
78723   117.037    25.840   870.0   7.5
78724   117.069    25.755   320.0   0.0
78725   117.090    25.801   580.0   0.0
78726   117.154    25.674   539.0   0.0
78727   117.209    25.724   563.0   0.0
78728   117.168    25.785   230.0   0.0
78729   117.239    25.787   415.0   0.0
78730   117.174    25.886   444.0   0.0
78731   117.321    25.842   327.0   0.0
78732   117.302    25.919   200.0   0.0
78733   117.269    25.974   202.0   0.0
78734   117.134    25.987   214.0   1.0
78735   117.140    26.076   251.0   25.0
78736   117.192    26.023   219.0   1.5
78737   117.251    26.072   247.0   0.0
78738   117.301    25.991   174.0   0.0
78739   117.390    26.100   195.0   0.0
78740   117.422    26.055   169.0   0.0
78741   117.689    25.905   700.0   0.0
78742   117.509    25.772   572.0   0.0
78801   118.303    26.286    94.0   0.0
78802   118.221    26.369   254.0   0.0
78803   118.040    26.238   228.0   0.0
78804   118.440    26.400    72.0   0.0
78805   118.243    26.102   277.0   0.0
78806   117.939    26.051   203.0   0.0
78807   117.920    26.204   601.0   0.0
78808   118.384    25.953   650.0   0.0
78809   118.334    26.171   197.0   0.0
78810   117.873    26.170   763.0   0.0
78811   118.471    26.272   182.0   0.0
78812   118.269    26.242   304.0   0.0
78813   118.118    26.035   303.8   0.0
78814   118.017    25.925   330.0   0.0
78815   118.225    26.006   243.0   0.0
78816   118.426    26.110   867.5   0.0
78817   118.143    26.076   177.0   0.0
78818   118.087    25.958   186.0   0.0
78819   117.957    26.174   578.0   0.0
78821   117.969    26.125   557.0   0.0
78822   118.004    26.039   434.0   0.0
78823   117.902    26.005   256.0   0.0
78824   117.922    25.988   271.0   0.0
78825   118.219    25.955   436.0   0.0
78826   118.342    25.953   717.0   0.0
78827   118.421    26.041   873.0   0.0
78828   118.392    26.084   605.0   0.1
78829   118.388    26.256   190.0   0.0
78830   118.358    26.225   158.0   0.0
78831   118.300    26.400   203.0   0.3
78832   118.269    26.351   317.0   0.1
78833   118.170    26.375   774.0   21.6
78834   118.254    26.304   119.0   0.1
78835   118.217    26.323   129.0   0.0
78836   118.189    26.272   165.0   1.9
78837   118.219    26.234   159.0   0.0
78838   118.001    26.286   130.0   0.0
78839   118.107    26.227   120.0   0.0
78840   118.073    26.186   172.0   0.0
78841   118.259    26.174   186.0   0.1
78842   118.376    26.135   340.0   0.0
78843   118.417    26.257   102.0   0.0
78845   118.087    25.108   138.0   0.0
78901   117.892    25.535   761.9   0.0
78902   117.859    25.839   790.1   0.6
78903   117.668    25.721   640.3   0.8
78904   117.753    25.552   885.9   0.0
78905   117.876    25.689   351.8   0.0
78906   117.572    25.786   540.1   0.0
78907   117.860    26.054   497.8   0.0
78908   117.719    25.819   544.8   0.0
78909   117.890    25.590  1023.3   0.0
78910   117.958    25.539   801.0   0.0
78911   117.834    25.653   411.8   0.4
78912   117.710    25.626   916.1   0.1
78913   117.776    25.976   506.0   0.0
78914   117.868    25.987   271.3   0.0
78915   117.918    25.953   323.2   0.0
78916   117.934    25.802   324.6   0.0
78917   117.821    26.088   418.0   0.1
79001   117.992    26.771   129.0   0.0
79002   118.483    26.375   117.0   0.0
79003   118.255    26.759   102.0   0.0
79004   118.406    26.440    78.0   0.0
79005   118.507    26.634   306.0   0.0
79006   118.292    26.489    99.0   4.2
79007   117.975    26.621   117.0   2.1
79008   118.107    26.571   106.0   1.6
79009   118.526    26.493   136.0   0.1
79010   118.270    26.568   122.0   11.6
79012   118.072    26.705   780.0   0.0
79013   118.442    26.543   302.0   0.0
79014   118.337    26.620   138.0   4.3
79015   118.153    26.437   261.0   9.2
79016   117.968    26.636   127.0   0.4
79017   118.170    26.642   125.6   0.0
79018   118.252    26.508   101.0   0.1
79019   118.017    26.693   119.9   0.0
79020   117.920    26.642   126.4   0.0
79021   117.924    26.592   153.1   0.2
79022   118.238    26.724   119.0   0.0
79023   118.070    26.591   113.0   0.0
79024   118.121    26.501   146.2   2.5
79025   118.306    26.567    92.3   4.0
79026   118.326    26.536    95.6   0.9
79027   118.505    26.417    95.5   0.0
79028   118.104    26.419   398.2   0.0
79029   118.202    26.454   385.0   3.4
79030   118.139    26.690   162.8   0.0
79031   118.433    26.401    86.1   0.0
79032   118.338    26.470   170.8   0.0
79033   117.989    26.620   102.6   2.9
79034   118.493    26.388    91.1   0.0
79035   118.119    26.756   744.3   4.2
79036   118.200    26.509   362.8   1.0
79037   118.243    26.585   124.2   9.9
79038   117.884    26.609   156.5   0.0
79039   118.086    26.490   524.1   0.0
79040   118.057    26.521   278.1   0.0
79041   118.024    26.535   490.8   0.0
79042   118.154    26.604    75.7   0.0
79043   118.392    26.638   528.0   0.0
79044   118.156    26.393   688.2   18.0
79045   118.290    26.809   196.0   0.0
79046   118.189    26.405   535.0   0.3
79047   117.976    26.643   146.0   0.3
79101   117.518    27.902   424.0   0.0
79102   117.039    27.635   260.0   0.0
79103   117.392    27.688   286.0   0.0
79104   117.136    27.384   323.0   0.0
79105   117.205    27.558   386.0   0.1
79106   117.169    27.473   307.0   0.0
79107   117.336    27.601   261.0   0.0
79108   117.476    27.691   394.0   0.0
79109   117.524    27.768   459.0   0.0
79111   117.302    27.855   497.0   0.0
79112   117.417    27.786   322.0   0.0
79113   117.121    27.442   363.0   0.0
79114   117.274    27.690   339.7   0.0
79115   117.374    27.504   233.0   0.0
79225   118.173    27.934   357.0   0.0
79226   118.205    27.608   236.0   0.0
79227   118.042    27.538   197.0   0.0
79228   117.919    27.636   244.0   0.0
79229   117.854    27.719   503.0   0.0
79230   117.737    27.603   523.0   0.0
79231   118.140    27.686   310.0   0.0
79232   117.976    27.843   344.0   0.0
79233   117.837    27.934   750.0   0.0
79234   118.135    27.851   302.0   0.0
79235   117.834    27.537   318.0   0.0
79236   117.984    27.617   224.2   0.0
79237   117.672    27.750   759.0   0.0
79238   118.156    27.785   570.0   0.1
79239   117.926    27.505   234.0   0.0
79240   117.984    27.617   224.2   0.0
79241   117.742    27.705   590.0   0.0
79242   117.707    27.809  1150.0   0.0
79243   117.770    27.837  1906.0   0.0
79244   117.776    27.856  2160.0   0.0
79245   117.870    27.669   222.0   0.0
79246   117.810    27.657   241.0   0.0
79247   117.869    27.572   255.0   0.0
79248   118.069    27.501   168.0   0.0
79249   117.926    27.725   224.0   0.0
79250   118.187    27.884   315.0   0.0
79251   117.987    27.701   199.0   0.0
79252   117.792    27.622   268.0   0.0
79253   117.959    27.884   393.0   0.0
79254   117.873    27.770   297.0   0.0
79255   117.867    27.904   485.0   0.0
79256   118.034    27.936   539.0   0.0
79257   117.942    27.805   270.0   0.1
79258   118.119    27.570   220.0   0.0
79259   118.302    27.623   615.0   0.0
79260   118.074    27.735   331.0   0.0
79261   118.067    27.688   225.0   0.0
79262   118.038    27.826   276.0   0.0
79263   118.107    27.905   362.0   0.0
79264   118.167    27.701   445.0   0.0
79268   117.905    27.673   315.0   0.0
79270   118.024    27.506   181.0   0.0
79301   117.636    27.134   195.0   0.0
79302   117.358    27.303   247.0   0.1
79303   117.401    27.438   234.0   0.0
79304   117.352    27.154   434.0   0.4
79305   117.256    27.123   348.0   3.5
79306   117.492    27.287   243.0   0.0
79307   117.618    27.250   209.0   0.0
79308   117.289    27.156   392.0   0.9
79309   117.675    27.067   156.0   0.1
79310   117.669    26.971   165.0   0.0
79311   117.609    27.323   248.0   0.1
79312   117.571    27.187   198.0   0.0
79313   117.120    27.205   459.0   0.0
79314   117.185    27.252   398.0   0.0
79315   117.523    27.036   319.0   0.0
79316   117.572    27.392   260.0   0.0
79317   117.159    27.157   596.0   0.0
79318   117.586    27.302   213.0   0.0
79319   117.158    27.137   717.0   0.0
79401   118.575    28.122   309.0   0.0
79402   118.370    27.924   270.0   0.0
79403   118.639    27.892   261.0   0.0
79404   118.584    27.703   208.0   0.0
79405   118.359    27.700   218.0   0.0
79406   118.509    28.026   288.0   0.0
79408   118.301    27.791   365.0   0.0
79410   118.756    27.925   733.0   0.0
79411   118.468    27.588   234.0   0.0
79412   118.251    27.823   784.0   0.1
79413   118.422    28.251   204.0   0.0
79414   118.522    28.207   345.0   17.5
79415   118.726    28.156   556.0   0.0
79416   118.452    27.817   233.0   0.0
79417   118.335    28.039   429.0   0.0
79418   118.441    28.167   394.0   0.0
79419   118.625    28.035   324.0   0.0
79420   118.640    28.160   346.0   0.0
79421   118.643    27.691   279.5   0.0
79422   118.709    27.851   284.4   0.0
79423   118.542    27.837   232.4   0.0
79424   118.609    27.937   307.9   0.0
79425   118.468    27.934   315.0   0.0
79426   118.558    27.988   256.4   0.0
79427   118.407    27.737   259.8   0.1
79428   118.470    28.091   413.9   0.1
79429   118.460    28.019   327.0   0.1
79430   118.622    28.233   428.6   0.0
79431   118.568    28.170   390.6   0.0
79432   118.457    28.223   246.8   0.0
79433   118.557    28.267   403.3   0.0
79434   118.286    27.990   401.3   0.0
79435   118.308    27.951   341.6   0.0
79436   118.353    27.983   417.0   0.2
79437   118.402    28.173   612.2   0.0
79438   118.367    27.836   286.0   0.1
79439   118.520    28.143   610.6   0.0
79440   118.401    27.874   261.8   0.0
79441   118.409    27.653   195.7   0.0
79442   118.472    27.674   199.7   0.0
79443   118.520    27.759   214.5   0.0
79444   118.575    27.789   276.9   0.0
79445   118.605    28.088   327.3   0.0
79446   118.708    28.020   285.4   0.1
79447   118.525    28.201   359.0   0.0
79448   118.485    28.009   306.5   0.0
79449   118.502    27.901   249.0   0.0
79501   118.772    27.751   301.0   0.0
79502   118.819    27.456   310.0   0.0
79503   118.689    27.651   265.0   0.0
79505   118.785    27.707   254.0   0.0
79507   118.853    27.603   234.0   0.0
79508   118.692    27.490   235.0   0.0
79509   118.708    27.591   226.0   0.3
79510   118.785    27.772   327.0   0.0
79511   118.720    27.735   333.0   0.0
79512   118.755    27.674   266.0   0.0
79513   118.824    27.784   368.0   0.1
79514   118.809    27.685   257.0   0.0
79515   118.643    27.635   332.0   0.0
79516   118.685    27.669   292.0   0.0
79517   118.751    27.634   479.0   0.0
79518   118.606    27.618   272.0   0.0
79519   118.652    27.571   289.0   0.0
79520   118.771    27.522   218.0   0.0
79521   118.719    27.441   208.0   0.0
79522   118.737    27.504   199.0   0.0
79523   118.818    27.451   210.0   0.1
79524   118.821    27.560   220.0   0.0
79525   118.874    27.593   289.0   0.0
79526   118.820    27.550   205.0   0.0
79601   118.638    27.421   227.0   0.0
79602   118.988    27.472   531.0   0.0
79603   119.142    27.308  1027.0   0.0
79605   118.743    27.350   167.0   0.0
79606   118.901    27.238   220.0   0.0
79607   118.924    27.392   275.0   0.6
79608   118.989    27.334   401.0   0.0
79609   119.087    27.240   983.0   0.0
79610   119.008    27.151   843.0   0.0
79611   118.986    27.174   921.0   0.1
79612   118.602    27.392   340.0   0.0
79701   118.459    26.750   240.0   0.0
79702   118.125    27.138   145.0   0.0
79703   118.489    27.253   498.0   0.0
79704   118.738    27.158   194.0   0.0
79705   118.689    27.255   145.0   0.0
79706   118.376    27.170   140.0   0.0
79707   118.233    27.133   120.0   0.0
79708   118.306    26.872    80.0   0.0
79709   118.504    27.093   113.0   0.0
79711   118.468    26.953   148.0   0.0
79712   118.559    26.906   410.0   0.0
79713   118.123    27.006   243.0   0.0
79714   118.575    27.122   149.0   0.4
79715   118.334    26.954   137.0   0.0
79716   118.643    27.019   234.0   0.0
79717   118.468    26.858   723.0   0.0
79718   118.557    27.307   792.0   0.0
79720   118.769    27.238   196.0   0.0
79721   118.167    27.050   300.0   0.0
79722   118.536    27.176   165.0   0.1
79723   118.468    27.109   170.0   0.0
79724   118.576    27.021   240.0   0.0
79725   118.700    27.103   174.0   0.0
79726   118.622    27.201   160.0   0.0
79727   118.692    27.303   157.0   0.0
79728   118.827    27.159   225.0   0.1
79729   118.787    27.106   234.0   0.0
79730   118.535    27.303   720.0   0.0
79731   118.420    27.275   690.0   0.0
79733   118.235    27.193   115.0   0.2
79734   118.072    27.084   410.0   0.0
79735   118.191    27.020   490.0   0.1
79736   118.309    26.791   185.0   0.0
79737   118.423    27.007   145.0   0.0
79738   118.584    26.819   547.0   0.0
79740   118.350    26.702   150.0   0.1
79741   118.502    26.770   290.0   0.0
79742   118.476    27.360   140.0   0.0
79744   118.467    26.758   341.0   0.0
79745   118.556    26.906   409.0   0.0
79746   118.625    27.157   135.0   0.0
79801   117.724    26.925   138.0   0.0
79802   117.893    27.086   224.0   0.0
79803   117.704    26.708   282.0   0.0
79804   118.004    26.884   191.0   0.0
79805   117.651    26.901   621.0   0.0
79806   117.985    26.956   210.0   0.7
79807   117.923    26.958   600.0   0.0
79808   117.950    26.808   150.0   0.0
79809   117.891    26.917   335.0   0.0
79810   117.871    27.022   195.0   0.0
79811   117.888    26.819   170.5   0.3
79812   117.772    26.918   144.9   0.0
79813   118.140    26.905   180.0   0.0
79814   117.707    26.756   150.0   0.1
79815   117.771    26.691   801.0   0.0
79816   117.870    26.768   110.0   0.1
79817   117.793    26.855   183.0   0.0
79820   117.789    27.024   262.0   0.0
79901   118.455    27.472   195.0   0.0
79902   118.341    27.418   165.0   0.0
79903   118.072    27.439   145.0   0.0
79904   117.837    27.391   207.0   0.0
79906   118.134    27.340   147.0   0.0
79907   118.177    27.486   196.0   0.0
79908   118.393    27.471   163.0   0.0
79909   117.824    27.305   226.0   0.0
79910   117.643    27.574   352.0   0.0
79911   118.104    27.225   135.0   0.0
79913   117.953    27.359   185.0   0.0
79914   118.257    27.321   149.0   0.0
79915   117.934    27.286   206.0   0.0
79916   118.300    27.439   167.2   0.1
79917   117.755    27.376   237.0   0.0
79918   118.124    27.524   187.0   0.0
79919   117.626    27.475   415.0   0.5
